# Constructed from biom file
#OTU ID	L1S105	L1S140	L1S208	L1S257	L1S281	L1S57	L1S76	L1S8	L2S155	L2S175	L2S204	L2S222	L2S240	L2S309	L2S357	L2S382	L3S242	L3S294	L3S313	L3S341	L3S360	L3S378	L4S112	L4S137	L4S63	L5S104	L5S155	L5S174	L5S203	L5S222	L5S240	L6S20	L6S68	L6S93	“taxonomy”
k__Bacteria;p__Bacteroidetes;c__Bacteroidia;o__Bacteroidales;f__Bacteroidaceae;g__Bacteroides	0.5800771208226221	0.6440039089766858	0.5592492639842983	0.4693174702567314	0.46303854875283446	0.5218340611353712	0.6126859031396975	0.6489407080904308	0.00254323499491353	0.002279981760145919	0.009816339455351488	0.01631628490743646	0.0005927682276229994	0.02255109231853418	0.0058997050147492625	0.0	0.6956521739130435	0.0	0.005439709882139619	0.011434511434511435	0.013415892672858616	0.6108887109687751	0.007673860911270983	0.0005091649694501018	0.0024630541871921183	0.00449034575662326	0.005	0.0	0.0023674242424242425	0.0	0.005580357142857143	0.0011670313639679066	0.0008361204013377926	0.0012944052926794189
k__Bacteria;p__Proteobacteria;c__Betaproteobacteria;o__Neisseriales;f__Neisseriaceae;g__Neisseria	0.0006426735218508997	0.0	0.0	0.0	0.0	0.0	0.0	0.0	0.012970498474059003	0.023711810305517556	0.007599746675110829	0.01004079071226859	0.23473621813870776	0.03312191684284708	0.05099030762747577	0.05404744436292492	0.0	0.017959183673469388	0.019945602901178604	0.02286902286902287	0.016511867905056758	0.0	0.039568345323741004	0.06038696537678208	0.01744663382594417	0.008082622361921869	0.2822222222222222	0.04352278545826933	0.22395833333333334	0.19000396667988892	0.24888392857142858	0.5143690736688549	0.28812709030100336	0.1928663886092334
k__Bacteria;p__Firmicutes;c__Bacilli;o__Lactobacillales;f__Streptococcaceae;g__Streptococcus	0.0	0.0	0.0014720314033366045	0.00031308703819661864	0.0	0.0005745805561939783	0.0	0.00426560500497654	0.09587995930824009	0.21272229822161423	0.039898670044331855	0.05051772827110135	0.1302114206678522	0.16208597603946442	0.19005478297513695	0.15774027879677183	0.004459308807134894	0.045714285714285714	0.18223028105167724	0.079002079002079	0.03611971104231166	0.0024019215372297837	0.1854916067146283	0.21221995926680245	0.05880541871921182	0.1984732824427481	0.22333333333333333	0.12493599590373784	0.22679924242424243	0.12217374057913527	0.11439732142857142	0.06068563092633115	0.12173913043478261	0.0990939162951244
k__Bacteria;p__Proteobacteria;c__Gammaproteobacteria;o__Pasteurellales;f__Pasteurellaceae;g__Haemophilus	0.0	0.0	0.0006133464180569186	0.0	0.0	0.0	0.0	0.0007109341674960899	0.009409969481180062	0.02165982672138623	0.006333122229259025	0.004706620646375902	0.2333530922742541	0.03171247357293869	0.04129793510324484	0.029102470041574957	0.005574136008918618	0.011428571428571429	0.014505893019038985	0.058212058212058215	0.0	0.0	0.037290167865707435	0.06934826883910387	0.012828407224958949	0.23753929052537046	0.25222222222222224	0.1300563236047107	0.16950757575757575	0.15470051566838555	0.296875	0.13712618526622902	0.21588628762541806	0.10412771465554437
k__Bacteria;p__Firmicutes;c__Bacilli;__;__;__	0.0	0.0	0.0007360157016683023	0.0010958046336881652	0.0	0.0	0.0	0.0	0.020854526958290945	0.05175558595531236	0.030398986700443317	0.01537496077816128	0.0	0.19309372797744892	0.13400758533501897	0.025678650036683785	0.0	0.061224489795918366	0.1314596554850408	0.061330561330561334	0.02476780185758514	0.0	0.1669064748201439	0.037270875763747456	0.1463464696223317	0.0	0.0	0.0	0.0	0.0	0.0	0.0	0.0	0.0
k__Bacteria;p__Fusobacteria;c__Fusobacteriia;o__Fusobacteriales;f__Fusobacteriaceae;g__Fusobacterium	0.003984575835475578	0.0	0.0	0.0	0.0	0.0	0.0	0.00042656050049765394	0.018056968463886065	0.022343821249430004	0.010766307789740342	0.01349231251961092	0.12487650661924521	0.0204369274136716	0.008006742520016857	0.1210564930300807	0.0	0.005714285714285714	0.011786038077969175	0.010395010395010396	0.0196078431372549	0.0	0.009232613908872901	0.03940936863543788	0.03273809523809524	0.07903008531656938	0.023333333333333334	0.05478750640040963	0.09611742424242424	0.19833399444664815	0.09430803571428571	0.09073668854850474	0.15183946488294314	0.09219042140083417
k__Bacteria;p__Bacteroidetes;c__Bacteroidia;o__Bacteroidales;f__Prevotellaceae;g__Prevotella	0.010282776349614395	0.007957559681697613	0.0	0.0	0.0	0.0	0.0	0.0	0.004069175991861648	0.027359781121751026	0.0031665611146295125	0.005961719485409476	0.05591780280576961	0.006342494714587738	0.0	0.10271460014673514	0.0	0.0024489795918367346	0.014505893019038985	0.012474012474012475	0.0	0.0040032025620496394	0.004556354916067146	0.03391038696537678	0.009133825944170771	0.11136057476425684	0.06944444444444445	0.3758320532514081	0.08049242424242424	0.18722729075763586	0.060267857142857144	0.044201312910284465	0.04665551839464883	0.2775780238745865
k__Bacteria;p__Proteobacteria;c__Gammaproteobacteria;o__Pseudomonadales;f__Pseudomonadaceae;g__Pseudomonas	0.0	0.0	0.0	0.0	0.0	0.0	0.0	0.0	0.01271617497456765	0.01595987232102143	0.47308423052564913	0.03671164104173204	0.0	0.02959830866807611	0.1281078803202697	0.0	0.0	0.0163265306122449	0.011786038077969175	0.34303534303534305	0.11248710010319918	0.0	0.08752997601918465	0.001934826883910387	0.021551724137931036	0.0	0.0	0.0	0.0	0.0	0.0	0.0	0.0	0.0
k__Bacteria;p__Firmicutes;c__Clostridia;o__Clostridiales;f__Ruminococcaceae;g__Faecalibacterium	0.11696658097686376	0.09926008655591233	0.062438665358194305	0.03913587977457733	0.0854119425547997	0.0796368650884854	0.11516461166899708	0.018342101521399118	0.0	0.0013679890560875513	0.006333122229259025	0.0037652965171007216	0.0	0.009161381254404511	0.004214075010535188	0.0	0.014492753623188406	0.0	0.004533091568449683	0.014553014553014554	0.0030959752321981426	0.14571657325860687	0.005995203836930456	0.0	0.0	0.0	0.0	0.0	0.0	0.0	0.0	0.0	0.0	0.0
k__Bacteria;p__Firmicutes;c__Clostridia;o__Clostridiales;f__Veillonellaceae;g__Phascolarctobacterium	0.018766066838046273	0.03392433337986877	0.01717369970559372	0.014871634314339386	0.012849584278155708	0.05515973339462193	0.019448328460658446	0.07621214275558083	0.0	0.0	0.0	0.0	0.0	0.0035236081747709656	0.0012642225031605564	0.0	0.07469342251950947	0.0	0.0	0.0	0.0	0.02802241793434748	0.0	0.0	0.0006157635467980296	0.0	0.0	0.0	0.0	0.0	0.0	0.0	0.0	0.0
k__Bacteria;p__Actinobacteria;c__Actinobacteria;o__Actinomycetales;f__Corynebacteriaceae;g__Corynebacterium	0.0	0.000977244171436549	0.0	0.0	0.0	0.0	0.0	0.0	0.29399796541200407	0.3116735066119471	0.03356554781507283	0.05145905240037653	0.005730092867022327	0.10711768851303735	0.14538558786346398	0.06969919295671313	0.0	0.3461224489795918	0.3082502266545784	0.0446985446985447	0.05263157894736842	0.0	0.12074340527577937	0.0960285132382892	0.1138136288998358	0.0	0.0	0.0	0.0014204545454545455	0.0	0.0	0.0	0.0	0.0
k__Bacteria;p__Actinobacteria;c__Actinobacteria;o__Actinomycetales;f__Micrococcaceae;g__Rothia	0.0	0.0	0.0	0.0	0.0	0.0	0.0	0.0	0.002797558494404883	0.011855905152758778	0.00506649778340722	0.0012550988390335738	0.03517091483896463	0.008456659619450317	0.009270965023177412	0.009048667155783811	0.0	0.007346938775510204	0.017225747960108794	0.004158004158004158	0.0	0.0	0.009832134292565946	0.00835030549898167	0.0049261083743842365	0.07992815446789403	0.035555555555555556	0.02304147465437788	0.039299242424242424	0.012296707655692185	0.05803571428571429	0.01575492341356674	0.03745819397993311	0.005465266791313103
k__Bacteria;p__Firmicutes;c__Clostridia;o__Clostridiales;f__Lachnospiraceae;g__Roseburia	0.032262210796915165	0.02638559262878682	0.048699705593719333	0.03271759549154665	0.045049130763416476	0.014594346127327051	0.03813397737384009	0.01876866202189677	0.0	0.0	0.0	0.0	0.0	0.0	0.0	0.0	0.014492753623188406	0.0	0.0	0.0	0.0	0.024819855884707767	0.0	0.0	0.0	0.0	0.0	0.0	0.0	0.0	0.0	0.0	0.0	0.0
k__Bacteria;p__Firmicutes;c__Clostridia;o__Clostridiales;f__Veillonellaceae;g__Veillonella	0.0	0.0	0.0008586849852796859	0.0	0.0	0.0	0.0	0.0	0.009409969481180062	0.018923848609211126	0.0	0.004079071226859115	0.05868405453467694	0.0	0.008849557522123894	0.02739056003912937	0.0	0.006530612244897959	0.017225747960108794	0.007276507276507277	0.0	0.0	0.010191846522781775	0.02525458248472505	0.0025656814449917897	0.06466097889537495	0.05611111111111111	0.1443932411674347	0.06723484848484848	0.058310194367314556	0.0546875	0.047556528081692195	0.04565217391304348	0.07320581044153603
k__Bacteria;p__Proteobacteria;c__Betaproteobacteria;o__Burkholderiales;f__Comamonadaceae;__	0.0	0.001535669412257434	0.0	0.0	0.0	0.0	0.0	0.0	0.008646998982706003	0.0047879616963064295	0.0	0.01631628490743646	0.027267338470657973	0.0	0.0	0.00880410858400587	0.0	0.0236734693877551	0.0	0.0	0.007223942208462332	0.004803843074459567	0.0	0.11680244399185336	0.0	0.0	0.0	0.0	0.0	0.0	0.0	0.0	0.0	0.0
k__Bacteria;p__Firmicutes;c__Clostridia;o__Clostridiales;f__[Tissierellaceae];g__Peptoniphilus	0.0	0.0011168504816417703	0.0	0.0	0.0	0.0	0.0	0.0	0.026703967446592064	0.010715914272685818	0.009816339455351488	0.004079071226859115	0.0007903576368306659	0.05144467935165609	0.025705857564264644	0.008314991440449988	0.0	0.02040816326530612	0.021758839528558477	0.008316008316008316	0.0	0.0	0.009952038369304556	0.007942973523421588	0.052545155993431854	0.0	0.0	0.0	0.0	0.0	0.0	0.0	0.0	0.0
k__Bacteria;p__Proteobacteria;c__Gammaproteobacteria;o__Pseudomonadales;f__Moraxellaceae;g__Acinetobacter	0.0	0.0	0.0	0.0	0.0	0.0	0.0	0.0	0.20676500508647	0.017783857729138167	0.012349588347055098	0.016943834326953247	0.004742145820983995	0.0	0.0	0.0009782342871117633	0.0	0.23265306122448978	0.014505893019038985	0.010395010395010396	0.013415892672858616	0.0	0.007194244604316547	0.0010183299389002036	0.009339080459770116	0.0	0.0	0.0	0.0	0.0	0.0	0.0	0.0	0.0
k__Bacteria;p__Firmicutes;c__Clostridia;o__Clostridiales;f__[Tissierellaceae];g__Finegoldia	0.0	0.001535669412257434	0.0	0.0	0.0	0.0	0.0	0.0	0.018311291963377416	0.005927952576379389	0.004433185560481318	0.005020395356134295	0.0021734835012843312	0.030303030303030304	0.018541930046354824	0.010760577158229395	0.0	0.013877551020408163	0.014505893019038985	0.0	0.0	0.0	0.01211031175059952	0.010081466395112017	0.04135878489326765	0.0	0.0	0.0	0.0	0.0	0.0	0.0	0.0	0.0
k__Bacteria;p__Bacteroidetes;c__Bacteroidia;o__Bacteroidales;f__Rikenellaceae;g__Alistipes	0.00038560411311053987	0.01759039508585788	0.034592737978410205	0.04414527238572323	0.02857142857142857	0.0005745805561939783	0.0003813397737384009	0.0	0.0	0.0	0.0	0.0	0.0	0.0	0.0	0.0	0.0	0.0	0.0	0.0	0.0	0.024819855884707767	0.0	0.0	0.0	0.0	0.0	0.0	0.0	0.0	0.0	0.0	0.0	0.0
k__Bacteria;p__Firmicutes;c__Clostridia;o__Clostridiales;f__Lachnospiraceae;g__Lachnospira	0.08534704370179949	0.0018148820326678765	0.034960745829244355	0.04711959924859111	0.09795918367346938	0.07653413008503793	0.05681962628702174	0.01734679368690459	0.0	0.0	0.0	0.0	0.0	0.0014094432699083862	0.0	0.0	0.021181716833890748	0.0	0.0	0.0	0.0	0.0	0.0	0.0	0.0	0.0	0.0	0.0	0.0	0.0	0.0	0.0	0.0	0.0
k__Bacteria;p__Verrucomicrobia;c__Verrucomicrobiae;o__Verrucomicrobiales;f__Verrucomicrobiaceae;g__Akkermansia	0.02583547557840617	0.0	0.00036800785083415113	0.000939261114589856	0.0	0.0036773155596414617	0.0011440193212152027	0.08275273709654486	0.0	0.0	0.0	0.0	0.0	0.0	0.0	0.0	0.02564102564102564	0.0	0.0	0.0	0.0	0.0	0.0	0.0	0.0	0.0	0.0	0.0	0.0	0.0	0.0	0.0	0.0	0.0
k__Bacteria;p__Cyanobacteria;c__Chloroplast;o__Streptophyta;f__;g__	0.0	0.0	0.0	0.0	0.0	0.0	0.0	0.0	0.01627670396744659	0.001823985408116735	0.0370487650411653	0.05396925007844368	0.0013831258644536654	0.03312191684284708	0.01643489254108723	0.0017119100024455857	0.0	0.06693877551020408	0.0	0.04054054054054054	0.11764705882352941	0.0	0.02314148681055156	0.004276985743380856	0.05213464696223317	0.11809609339919173	0.0	0.0	0.0	0.0031733439111463705	0.0	0.0	0.0	0.0
k__Bacteria;p__Firmicutes;c__Clostridia;o__Clostridiales;f__Lachnospiraceae;__	0.020951156812339333	0.020103308669551862	0.06906280667320903	0.1123982467125861	0.07513227513227513	0.04148471615720524	0.02860048303038007	0.010379638845442912	0.00254323499491353	0.001823985408116735	0.0006333122229259025	0.0006275494195167869	0.007113218731475993	0.0021141649048625794	0.0	0.002690144289557349	0.013377926421404682	0.0	0.0	0.0	0.0	0.01921537229783827	0.0	0.0025458248472505093	0.0021551724137931034	0.0	0.0	0.0	0.0	0.0	0.005580357142857143	0.007148067104303428	0.008528428093645485	0.011505824823817058
k__Bacteria;p__Firmicutes;c__Clostridia;o__Clostridiales;f__[Tissierellaceae];g__Anaerococcus	0.0	0.0	0.0	0.0	0.0	0.0	0.0	0.0	0.03535096642929807	0.0392156862745098	0.013299556681443952	0.009413241292751805	0.0013831258644536654	0.03241719520789288	0.04677623261694058	0.010760577158229395	0.0	0.03836734693877551	0.05258386219401632	0.014553014553014554	0.010319917440660475	0.0	0.03657074340527578	0.013645621181262729	0.04351395730706076	0.0	0.0	0.0	0.0	0.0	0.0	0.0	0.0	0.0
k__Bacteria;p__Fusobacteria;c__Fusobacteriia;o__Fusobacteriales;f__Leptotrichiaceae;g__Streptobacillus	0.0	0.0	0.0	0.0	0.0	0.0	0.0	0.0	0.030010172939979655	0.011399908800729594	0.01773274224192527	0.011609664261060559	0.0	0.013389711064129669	0.0037926675094816687	0.0	0.0	0.007346938775510204	0.004533091568449683	0.009355509355509356	0.015479876160990712	0.0	0.0016786570743405275	0.0004073319755600815	0.03766420361247948	0.0	0.0	0.0	0.0	0.0	0.0	0.0	0.0	0.0
k__Bacteria;p__Firmicutes;c__Bacilli;o__Gemellales;f__Gemellaceae;__	0.0	0.0	0.0	0.0	0.0	0.0	0.0	0.0	0.003560528992878942	0.011171910624715002	0.0	0.005020395356134295	0.009681881051175657	0.0	0.012642225031605562	0.003668378576669112	0.0	0.0	0.015412511332728921	0.0	0.0	0.0	0.013669064748201438	0.013238289205702648	0.004207717569786535	0.013022002694207453	0.011666666666666667	0.00819252432155658	0.006628787878787879	0.017850059500198336	0.010602678571428572	0.0020423048869438365	0.006020066889632107	0.0014382281029771322
k__Bacteria;p__Firmicutes;c__Bacilli;o__Lactobacillales;f__Carnobacteriaceae;__	0.0	0.0	0.0	0.0	0.0	0.0	0.0	0.0	0.002288911495422177	0.0047879616963064295	0.0	0.0	0.010472238688006322	0.0	0.0	0.002690144289557349	0.0	0.0	0.005439709882139619	0.0	0.0	0.0	0.00539568345323741	0.004582484725050916	0.003797208538587849	0.026493039964077234	0.015	0.011776753712237584	0.017045454545454544	0.011503371677905593	0.022879464285714284	0.005105762217359592	0.021070234113712373	0.00402703868833597
k__Bacteria;p__Firmicutes;c__Bacilli;o__Lactobacillales;f__Streptococcaceae;g__Lactococcus	0.0	0.0	0.0	0.0	0.0	0.0	0.0	0.0	0.002034587995930824	0.030551755585955312	0.0	0.005961719485409476	0.0	0.04580690627202255	0.011378002528445006	0.0	0.0	0.0	0.030825022665457842	0.0	0.007223942208462332	0.0	0.011870503597122302	0.0003054989816700611	0.023399014778325122	0.0	0.0	0.0	0.0	0.0	0.0	0.0	0.0	0.0
k__Bacteria;p__Bacteroidetes;c__Bacteroidia;o__Bacteroidales;f__[Paraprevotellaceae];g__[Prevotella]	0.0	0.0	0.0	0.0	0.0	0.0	0.0	0.0	0.004069175991861648	0.02302781577747378	0.008866371120962635	0.012550988390335738	0.0027662517289073307	0.004933051444679351	0.009270965023177412	0.023233064318904376	0.0	0.004897959183673469	0.006346328195829556	0.060291060291060294	0.009287925696594427	0.0	0.01079136690647482	0.018533604887983706	0.002052545155993432	0.001347103726986978	0.0	0.022017409114183307	0.005208333333333333	0.0015866719555731853	0.0	0.002188183807439825	0.0071906354515050164	0.08169135624910111
k__Bacteria;p__Proteobacteria;c__Gammaproteobacteria;o__Enterobacteriales;f__Enterobacteriaceae;__	0.004884318766066838	0.008376378612313277	0.0007360157016683023	0.0	0.0007558578987150416	0.0	0.023897292487606456	0.034835774207308406	0.003560528992878942	0.012539899680802553	0.004749841671944269	0.01004079071226859	0.0	0.0	0.0	0.0	0.045707915273132664	0.004081632653061225	0.012692656391659111	0.0	0.009287925696594427	0.004803843074459567	0.002278177458033573	0.00824847250509165	0.0040024630541871924	0.0	0.0	0.0	0.0	0.0	0.0	0.0	0.0	0.0
k__Bacteria;p__Bacteroidetes;c__Cytophagia;o__Cytophagales;f__Cytophagaceae;g__Flectobacillus	0.0	0.0	0.0	0.0	0.0	0.0	0.0	0.0	0.0	0.0	0.0018999366687777073	0.0025101976780671476	0.0	0.0	0.0	0.002445585717779408	0.0	0.0	0.0	0.0	0.0	0.0	0.0	0.05560081466395112	0.0	0.0	0.0	0.0	0.0	0.0	0.0	0.0	0.0	0.0
k__Bacteria;p__Bacteroidetes;c__Bacteroidia;o__Bacteroidales;f__Porphyromonadaceae;g__Parabacteroides	0.0	0.015915119363395226	0.026373895976447497	0.07701941139636818	0.029024943310657598	0.0	0.0	0.0	0.0	0.0	0.0	0.0	0.0	0.0	0.0	0.0	0.0	0.0	0.0	0.0	0.0	0.016813450760608487	0.0	0.0	0.0	0.0	0.0	0.0	0.0	0.0	0.0	0.0	0.0	0.0
k__Bacteria;p__Proteobacteria;c__Betaproteobacteria;o__Burkholderiales;f__Burkholderiaceae;g__Lautropia	0.0	0.0	0.0	0.0	0.0	0.0	0.0	0.0	0.003560528992878942	0.0	0.0	0.011923438970818953	0.0	0.0	0.005478297513695744	0.04206407434580582	0.0	0.0	0.0	0.0	0.006191950464396285	0.0	0.003956834532374101	0.01904276985743381	0.0018472906403940886	0.0	0.0	0.0	0.002840909090909091	0.0	0.0	0.0032093362509117433	0.0008361204013377926	0.00043146843089313965
k__Bacteria;p__Firmicutes;c__Clostridia;o__Clostridiales;f__Lachnospiraceae;g__Blautia	0.019408740359897172	0.00865559123272372	0.008464180569185476	0.004070131496556042	0.004383975812547241	0.03275109170305677	0.01766874284987924	0.008815583676951514	0.001780264496439471	0.0	0.0	0.004706620646375902	0.0	0.006342494714587738	0.0	0.0	0.0	0.0	0.0	0.007276507276507277	0.0	0.018414731785428344	0.006115107913669065	0.0	0.004310344827586207	0.0	0.0	0.0	0.0	0.0	0.0	0.0	0.0	0.0
k__Bacteria;p__Proteobacteria;c__Gammaproteobacteria;o__Pasteurellales;f__Pasteurellaceae;g__	0.0	0.0	0.0	0.0	0.0	0.0	0.0	0.0	0.013224821973550356	0.005699954400364797	0.02121595946801773	0.11735174144963915	0.0	0.009866102889358703	0.00337126000842815	0.0	0.0	0.0	0.0	0.0	0.0629514963880289	0.0	0.004436450839328537	0.0	0.0159072249589491	0.0	0.0	0.0	0.0	0.0	0.0	0.0	0.0	0.0
k__Bacteria;p__Actinobacteria;c__Actinobacteria;o__Actinomycetales;f__Propionibacteriaceae;g__Propionibacterium	0.0	0.0	0.0	0.0	0.0	0.0	0.0	0.0	0.001780264496439471	0.007067943456452348	0.0009499683343888537	0.0021964229683087543	0.0	0.021846370683579985	0.007585335018963337	0.008559550012227928	0.0	0.005714285714285714	0.009972801450589302	0.002079002079002079	0.0	0.0	0.010431654676258994	0.0025458248472505093	0.01087848932676519	0.0	0.0	0.0	0.0	0.0	0.0	0.0	0.0	0.0
k__Bacteria;p__Proteobacteria;c__Betaproteobacteria;o__Burkholderiales;__;__	0.004498714652956298	0.0	0.0	0.012366938008766436	0.0072562358276643995	0.013675017237416686	0.010931740180500827	0.0	0.0	0.0	0.0	0.0	0.0	0.0	0.0	0.0	0.0	0.0	0.0	0.0	0.0	0.0	0.0	0.0	0.0019499178981937603	0.0	0.0	0.0	0.0	0.0	0.0	0.0	0.0	0.0
k__Bacteria;p__Proteobacteria;c__Epsilonproteobacteria;o__Campylobacterales;f__Campylobacteraceae;g__Campylobacter	0.0	0.0	0.0	0.0	0.0	0.0	0.0	0.0	0.001017293997965412	0.0009119927040583675	0.0	0.0018826482585503608	0.00671803991306066	0.0021141649048625794	0.00337126000842815	0.016629982880899976	0.0	0.0	0.0	0.0	0.0	0.0	0.001079136690647482	0.0034623217922606924	0.002360426929392447	0.00449034575662326	0.0044444444444444444	0.010752688172043012	0.017992424242424244	0.007140023800079333	0.00390625	0.010649161196207148	0.005183946488294315	0.015389040701855315
k__Bacteria;p__Bacteroidetes;c__Bacteroidia;o__Bacteroidales;f__[Paraprevotellaceae];g__Paraprevotella	0.004884318766066838	0.0	0.0	0.0	0.0	0.03435991726039991	0.009787720859285623	0.01677804635290772	0.0	0.0	0.0	0.0	0.0	0.0	0.0	0.0	0.0189520624303233	0.0	0.0	0.0	0.0	0.0	0.0	0.0	0.0	0.0	0.0	0.0	0.0	0.0	0.0	0.0	0.0	0.0
k__Bacteria;p__Proteobacteria;c__Deltaproteobacteria;o__Desulfovibrionales;f__Desulfovibrionaceae;g__Desulfovibrio	0.010154241645244215	0.005584252408208851	0.002576054955839058	0.004226675015654352	0.0036281179138321997	0.004022063893357849	0.003686284479471209	0.008815583676951514	0.0	0.0	0.0	0.0	0.0	0.0	0.0	0.0	0.020066889632107024	0.0	0.0	0.0	0.0	0.007205764611689352	0.0	0.0	0.0	0.0	0.0	0.0	0.0	0.0	0.0	0.0	0.0	0.0
k__Bacteria;p__Firmicutes;c__Clostridia;o__Clostridiales;f__Lachnospiraceae;g__Coprococcus	0.013367609254498715	0.001954488342873098	0.01925907752698724	0.0036005009392611146	0.0031746031746031746	0.02746495058607217	0.00788102199059362	0.005260912839471065	0.0	0.0	0.0	0.0	0.0	0.0	0.0	0.0	0.008918617614269788	0.0	0.0	0.0	0.0	0.0	0.0	0.0	0.0	0.0	0.0	0.0	0.0	0.0	0.0	0.0	0.0	0.0
k__Bacteria;p__Firmicutes;c__Clostridia;o__Clostridiales;f__Lachnospiraceae;g__Oribacterium	0.0	0.006701102889850622	0.0023307163886162907	0.005009392611145898	0.004232804232804233	0.0	0.0	0.0	0.0	0.0	0.0	0.0	0.012052953961667655	0.0	0.0	0.00586940572267058	0.0	0.0	0.0	0.0	0.0	0.017614091273018415	0.0	0.003360488798370672	0.0	0.009878760664571173	0.005555555555555556	0.007680491551459293	0.011837121212121212	0.005553351844506148	0.009486607142857142	0.01721371261852662	0.009866220735785953	0.004314684308931396
k__Bacteria;p__Firmicutes;c__Clostridia;o__Clostridiales;f__Lachnospiraceae;g__	0.004241645244215938	0.003908976685746196	0.007728164867517174	0.0031308703819661866	0.031746031746031744	0.022753390025281546	0.001271132579128003	0.0	0.0	0.0	0.0	0.0	0.0	0.0	0.0	0.0	0.0	0.0	0.0	0.0	0.0	0.0	0.0	0.0	0.0	0.0	0.0	0.0	0.0	0.0	0.0	0.0	0.0	0.0
k__Bacteria;p__Firmicutes;c__Bacilli;o__Lactobacillales;f__Lactobacillaceae;g__Lactobacillus	0.0	0.0	0.0	0.0	0.0	0.0	0.0	0.0	0.003560528992878942	0.010259917920656635	0.0034832172260924636	0.005334170065892689	0.0	0.005637773079633545	0.01938474504846186	0.0	0.0	0.0	0.012692656391659111	0.0	0.005159958720330237	0.0	0.026139088729016786	0.0005091649694501018	0.012520525451559935	0.0	0.0	0.0	0.0	0.0	0.0	0.0	0.0	0.0
k__Bacteria;p__Fusobacteria;c__Fusobacteriia;o__Fusobacteriales;f__Leptotrichiaceae;g__Leptotrichia	0.0	0.0	0.0	0.0	0.0	0.0	0.0	0.0	0.001271617497456765	0.004103967168262654	0.0	0.0	0.007705986959098993	0.0	0.0	0.028613352898019074	0.0	0.0016326530612244899	0.0	0.0	0.0020639834881320948	0.0	0.0019184652278177458	0.009979633401221997	0.0	0.003592276605298608	0.002777777777777778	0.00409626216077829	0.007575757575757576	0.009520031733439112	0.00390625	0.006710430342815463	0.011872909698996655	0.011362002013519345
k__Bacteria;p__Proteobacteria;c__Alphaproteobacteria;o__Rickettsiales;f__mitochondria;__	0.0	0.0	0.0	0.0	0.0	0.0	0.0	0.0	0.02288911495422177	0.0	0.0	0.013178537809852526	0.00039517881841533294	0.0	0.014327855035819638	0.0	0.0	0.014693877551020407	0.0	0.0	0.025799793601651185	0.0	0.007434052757793765	0.000814663951120163	0.005028735632183908	0.023798832510103278	0.0	0.0	0.0	0.0	0.0	0.0	0.0	0.0
k__Bacteria;p__Firmicutes;c__Clostridia;o__Clostridiales;f__Ruminococcaceae;g__Ruminococcus	0.003213367609254499	0.001535669412257434	0.009445534838076546	0.025986224170319348	0.024792139077853364	0.020799816134222018	0.0	0.0012796815014929617	0.000508646998982706	0.0	0.0	0.0	0.0	0.0035236081747709656	0.0	0.0	0.0	0.0	0.0	0.0	0.0	0.0	0.0	0.0	0.0	0.0	0.0	0.0	0.0	0.0	0.0	0.0	0.0	0.0
k__Bacteria;p__Firmicutes;c__Clostridia;o__Clostridiales;f__Ruminococcaceae;g__Oscillospira	0.009640102827763496	0.03922937316766718	0.024656526005888125	0.040857858484658734	0.02947845804988662	0.015283842794759825	0.01271132579128003	0.012939001848428836	0.001780264496439471	0.0	0.0	0.0	0.0	0.0014094432699083862	0.0	0.0	0.010033444816053512	0.0	0.0	0.0	0.0	0.041633306645316254	0.0	0.0	0.0	0.0	0.0	0.0	0.0	0.0	0.0	0.0	0.0	0.0
k__Bacteria;p__Proteobacteria;c__Gammaproteobacteria;o__Pseudomonadales;f__Moraxellaceae;g__Moraxella	0.0	0.0	0.0	0.0	0.0	0.0	0.0	0.0	0.002797558494404883	0.0	0.006966434452184927	0.0335738939441481	0.0	0.0	0.0	0.0	0.0	0.0	0.0	0.005197505197505198	0.0392156862745098	0.0	0.0019184652278177458	0.0	0.003284072249589491	0.0	0.0	0.0	0.0	0.0	0.0	0.0	0.0	0.0
k__Bacteria;p__Firmicutes;c__Erysipelotrichi;o__Erysipelotrichales;f__Erysipelotrichaceae;g__	0.004241645244215938	0.0	0.005029440628066732	0.001878522229179712	0.0012093726379440665	0.005401057228223397	0.00864370153807042	0.0	0.000508646998982706	0.0	0.0	0.0	0.0	0.0	0.0	0.0	0.0	0.0	0.0	0.0	0.0	0.0	0.0	0.0	0.0	0.0	0.0	0.0	0.0	0.0	0.0	0.0	0.0	0.0
k__Bacteria;p__Firmicutes;c__Clostridia;o__Clostridiales;f__Ruminococcaceae;g__Gemmiger	0.0	0.0	0.012757605495583905	0.007827175954915467	0.00710506424792139	0.0	0.0	0.0	0.0	0.0	0.0	0.0	0.0	0.0	0.0	0.0	0.0	0.0	0.0	0.0	0.0	0.0	0.0	0.0	0.0	0.0	0.0	0.0	0.0	0.0	0.0	0.0	0.0	0.0
k__Bacteria;p__Proteobacteria;c__Alphaproteobacteria;o__Caulobacterales;f__Caulobacteraceae;g__Brevundimonas	0.0	0.0	0.0	0.0	0.0	0.0	0.0	0.0	0.005849440488301119	0.0027359781121751026	0.0031665611146295125	0.005961719485409476	0.0	0.0	0.0	0.0	0.0	0.0	0.005439709882139619	0.0	0.0	0.0	0.002038369304556355	0.0	0.017036124794745484	0.0	0.0	0.0	0.0	0.0	0.0	0.0	0.0	0.0
k__Bacteria;p__Proteobacteria;c__Alphaproteobacteria;o__Sphingomonadales;f__Sphingomonadaceae;g__Sphingomonas	0.0	0.0	0.0	0.0	0.0	0.0	0.0	0.0	0.005340793489318413	0.005927952576379389	0.006333122229259025	0.01537496077816128	0.0	0.011980267794221282	0.0029498525073746312	0.0	0.0	0.0	0.006346328195829556	0.010395010395010396	0.0	0.0	0.00407673860911271	0.0	0.014470443349753694	0.0	0.0	0.0	0.0	0.0	0.0	0.0	0.0	0.0
k__Bacteria;p__Firmicutes;c__Clostridia;o__Clostridiales;f__Lachnospiraceae;g__Clostridium	0.004498714652956298	0.010191260644981152	0.002944062806673209	0.001408891671884784	0.0013605442176870747	0.005745805561939784	0.006991229185204017	0.017915541020901465	0.000508646998982706	0.0	0.0	0.0	0.0	0.0	0.0	0.0017119100024455857	0.017837235228539576	0.0	0.0	0.0	0.0	0.010408326661329063	0.00023980815347721823	0.0	0.0	0.0	0.0	0.0	0.0	0.0	0.0	0.0	0.0	0.0
k__Bacteria;p__Proteobacteria;c__Betaproteobacteria;o__Burkholderiales;f__Oxalobacteraceae;g__Janthinobacterium	0.0	0.0	0.0	0.0	0.0	0.0	0.0	0.0	0.0	0.0	0.0	0.008471917163476624	0.0	0.019027484143763214	0.0	0.0	0.0	0.0	0.0	0.0	0.0412796697626419	0.0	0.0017985611510791368	0.0	0.009441707717569787	0.0	0.0	0.0	0.0	0.0	0.0	0.0	0.0	0.0
k__Bacteria;p__Actinobacteria;c__Actinobacteria;o__Actinomycetales;f__Actinomycetaceae;g__Actinomyces	0.0	0.0	0.0	0.0	0.0	0.0	0.0	0.0	0.0	0.0	0.0	0.0	0.005334914048606995	0.0	0.0	0.0017119100024455857	0.0	0.0	0.0	0.0	0.0	0.0	0.0015587529976019184	0.003054989816700611	0.0007183908045977011	0.012572968118545127	0.0	0.01894521249359959	0.009943181818181818	0.005156683855612852	0.0	0.013420860685630927	0.00568561872909699	0.002013519344167985
k__Bacteria;p__Bacteroidetes;c__Sphingobacteriia;o__Sphingobacteriales;f__Sphingobacteriaceae;g__Pedobacter	0.0	0.0	0.0	0.0	0.0	0.0	0.0	0.0	0.0	0.0015959872321021432	0.05351488283723876	0.014119861939127707	0.0	0.006342494714587738	0.0058997050147492625	0.0	0.0	0.0016326530612244899	0.0	0.02598752598752599	0.009287925696594427	0.0	0.00407673860911271	0.0	0.005541871921182266	0.0	0.0	0.0	0.0	0.0	0.0	0.0	0.0	0.0
k__Bacteria;p__Proteobacteria;c__Gammaproteobacteria;o__Pseudomonadales;f__Moraxellaceae;g__Enhydrobacter	0.0	0.0	0.0	0.0	0.0	0.0	0.0	0.0	0.021617497456765004	0.003875968992248062	0.0031665611146295125	0.006275494195167869	0.0007903576368306659	0.0	0.0	0.001222792858889704	0.0	0.0236734693877551	0.007252946509519492	0.0	0.006191950464396285	0.0	0.003237410071942446	0.0	0.0	0.0	0.0	0.0	0.0	0.0	0.0	0.0	0.0	0.0
k__Bacteria;p__Proteobacteria;c__Gammaproteobacteria;o__Pseudomonadales;f__Moraxellaceae;g__Psychrobacter	0.0	0.0	0.0	0.0	0.0	0.0	0.0	0.0	0.0	0.003419972640218878	0.0	0.042045811107624724	0.0	0.0	0.0	0.0	0.0	0.0	0.0	0.0	0.0804953560371517	0.0	0.0	0.0	0.0034893267651888342	0.0	0.0	0.0	0.0	0.0	0.0	0.0	0.0	0.0
k__Bacteria;p__Bacteroidetes;c__Flavobacteriia;o__Flavobacteriales;f__[Weeksellaceae];g__	0.0	0.0	0.0	0.0	0.0	0.0	0.0	0.0	0.002797558494404883	0.002051983584131327	0.0018999366687777073	0.005334170065892689	0.0023710729104919974	0.0	0.0	0.00586940572267058	0.0	0.0	0.0	0.0	0.0	0.0	0.004436450839328537	0.003156822810590631	0.0025656814449917897	0.00224517287831163	0.0	0.0	0.0	0.0	0.0	0.0011670313639679066	0.001003344481605351	0.001869696533870272
k__Bacteria;p__Bacteroidetes;c__Bacteroidia;o__Bacteroidales;f__Porphyromonadaceae;g__Porphyromonas	0.002442159383033419	0.000977244171436549	0.0	0.0	0.0	0.0	0.0	0.0	0.001525940996948118	0.002051983584131327	0.006966434452184927	0.019454032005020397	0.005334914048606995	0.0014094432699083862	0.0037926675094816687	0.006847640009782343	0.0	0.0	0.003626473254759746	0.0	0.016511867905056758	0.0	0.002997601918465228	0.006211812627291242	0.007799671592775041	0.0	0.0022222222222222222	0.0	0.0	0.0019833399444664813	0.008370535714285714	0.004814004376367615	0.005351170568561873	0.005033798360419963
k__Bacteria;p__Firmicutes;c__Clostridia;o__Clostridiales;f__Veillonellaceae;g__Megamonas	0.0	0.0	0.0	0.0	0.0	0.0	0.0	0.0	0.0	0.0	0.00506649778340722	0.0034515218073423283	0.0	0.0	0.004635482511588706	0.0	0.0	0.0	0.0	0.018711018711018712	0.0	0.0	0.00935251798561151	0.0	0.0009236453201970443	0.0	0.0	0.0	0.0	0.0	0.0	0.0	0.0	0.0
k__Bacteria;p__Proteobacteria;c__Betaproteobacteria;o__Burkholderiales;f__Oxalobacteraceae;__	0.0	0.0	0.0	0.0	0.0	0.0	0.0	0.0	0.001525940996948118	0.004103967168262654	0.006966434452184927	0.009099466582993411	0.0	0.0	0.004214075010535188	0.0	0.0	0.0	0.0	0.010395010395010396	0.0	0.0	0.003237410071942446	0.0	0.005233990147783251	0.0	0.0	0.0	0.0	0.0	0.0	0.0	0.0	0.0
k__Bacteria;p__Bacteroidetes;c__Bacteroidia;o__Bacteroidales;__;__	0.0	0.0	0.007114818449460255	0.007827175954915467	0.004383975812547241	0.0	0.0	0.0	0.0	0.0	0.0	0.0	0.0	0.0	0.0	0.0	0.0	0.0	0.0	0.0	0.0	0.0	0.0	0.0	0.00041050903119868636	0.0	0.0	0.0	0.0	0.0	0.0	0.0	0.0	0.0
k__Bacteria;__;__;__;__;__	0.0	0.0	0.0	0.0	0.0	0.0	0.0	0.0	0.006358087487283825	0.002279981760145919	0.016149461684610514	0.015688735487919672	0.0	0.007047216349541931	0.0008428150021070375	0.0	0.0	0.0032653061224489797	0.0	0.0	0.006191950464396285	0.0	0.002158273381294964	0.0	0.008004926108374385	0.0	0.0	0.0	0.0	0.0	0.0	0.0	0.0	0.0
k__Bacteria;p__Firmicutes;c__Clostridia;o__Clostridiales;f__Ruminococcaceae;__	0.0	0.008934803853134162	0.004170755642787046	0.011271133375078271	0.0163265306122449	0.0029878188922086877	0.001652472352866404	0.00042656050049765394	0.0	0.0	0.0	0.0	0.0	0.0	0.0	0.0	0.0	0.0	0.001813236627379873	0.0	0.0	0.009607686148919135	0.0	0.0	0.0	0.0	0.0	0.0	0.0	0.0	0.0	0.0	0.0	0.0
k__Bacteria;p__Firmicutes;c__Clostridia;o__Clostridiales;f__[Tissierellaceae];g__Parvimonas	0.0	0.0	0.0	0.0	0.0	0.0	0.0	0.0	0.003051881993896236	0.002051983584131327	0.0009499683343888537	0.0025101976780671476	0.0	0.004933051444679351	0.002107037505267594	0.014184397163120567	0.0	0.0	0.0	0.0	0.0	0.0	0.001199040767386091	0.005702647657841141	0.003797208538587849	0.000898069151324652	0.0	0.0	0.000946969696969697	0.005156683855612852	0.0	0.00029175784099197665	0.0006688963210702341	0.0010067596720839925
k__Bacteria;p__Bacteroidetes;c__Flavobacteriia;o__Flavobacteriales;f__Flavobacteriaceae;g__Flavobacterium	0.0	0.0	0.0	0.0	0.0	0.0	0.0	0.0	0.0	0.0	0.022482583913869536	0.011295889551302165	0.0	0.004933051444679351	0.001685630004214075	0.0	0.0	0.0	0.0	0.006237006237006237	0.011351909184726523	0.0	0.0016786570743405275	0.0	0.003694581280788177	0.0	0.0	0.0	0.0	0.0	0.0	0.0	0.0	0.0
k__Bacteria;p__Firmicutes;c__Bacilli;o__Lactobacillales;f__Aerococcaceae;g__Alloiococcus	0.0	0.0	0.0	0.0	0.0	0.0	0.0	0.0	0.0	0.0	0.0	0.0	0.0	0.0035236081747709656	0.026127265065318164	0.0	0.0	0.0	0.0	0.0	0.0	0.0	0.00539568345323741	0.0	0.0018472906403940886	0.0	0.0	0.0	0.0	0.0	0.0	0.0	0.0	0.0
k__Bacteria;p__Proteobacteria;c__Gammaproteobacteria;o__Pasteurellales;f__Pasteurellaceae;__	0.0	0.0	0.0	0.0	0.0	0.0	0.0	0.0	0.0	0.0	0.0	0.01537496077816128	0.0	0.0	0.0	0.0	0.0	0.0	0.0	0.0	0.034055727554179564	0.0	0.002398081534772182	0.0	0.0024630541871921183	0.0	0.0	0.0	0.0	0.0	0.0	0.0	0.0	0.0
k__Bacteria;p__Firmicutes;c__Bacilli;o__Gemellales;f__;g__	0.0	0.0	0.0	0.0	0.0	0.0	0.0	0.0	0.0	0.0	0.0	0.0	0.0	0.0	0.0	0.0	0.0	0.0	0.0	0.0	0.0	0.0	0.0	0.012627291242362525	0.0	0.0	0.0	0.0	0.0	0.0	0.0	0.0	0.0	0.0
k__Bacteria;p__Firmicutes;c__Clostridia;o__Clostridiales;f__[Tissierellaceae];g__1-68	0.0	0.0	0.0	0.0	0.0	0.0	0.0	0.0	0.00254323499491353	0.0	0.0	0.0015688735487919673	0.0	0.0	0.0	0.001467351430667645	0.0	0.0	0.005439709882139619	0.0	0.0	0.0	0.00035971223021582735	0.0028513238289205704	0.006055008210180624	0.0	0.0	0.0	0.0	0.0	0.0	0.0	0.0	0.0
k__Bacteria;p__Proteobacteria;c__Deltaproteobacteria;o__Desulfovibrionales;f__Desulfovibrionaceae;g__Bilophila	0.0	0.007259528130671506	0.0012266928361138372	0.004070131496556042	0.0022675736961451248	0.0	0.0	0.0	0.0	0.0	0.0	0.0	0.0	0.0	0.0	0.0	0.0	0.0	0.0	0.0	0.0	0.007205764611689352	0.0	0.0	0.0	0.0	0.0	0.0	0.0	0.0	0.0	0.0	0.0	0.0
k__Bacteria;p__Firmicutes;c__Clostridia;o__Clostridiales;f__Ruminococcaceae;g__	0.0	0.002373307273488762	0.013370951913640825	0.0021916092673763305	0.0	0.0014939094461043439	0.0024151519003432057	0.0	0.0	0.0	0.0	0.0	0.0	0.0	0.0	0.0	0.0	0.0	0.0	0.0	0.0	0.0	0.0	0.0	0.0014367816091954023	0.0	0.0	0.0	0.0	0.0	0.0	0.0	0.0	0.0
k__Bacteria;p__Firmicutes;c__Clostridia;o__Clostridiales;f__[Tissierellaceae];g__ph2	0.0	0.0	0.0	0.0	0.0	0.0	0.0	0.0	0.0	0.0	0.0	0.0	0.0	0.007751937984496124	0.0	0.001222792858889704	0.0	0.0	0.0	0.0	0.0	0.0	0.0009592326139088729	0.000814663951120163	0.00769704433497537	0.0	0.0	0.0	0.0	0.0	0.0	0.0	0.0	0.0
k__Bacteria;p__Bacteroidetes;c__Flavobacteriia;o__Flavobacteriales;f__Flavobacteriaceae;g__Capnocytophaga	0.0	0.0	0.0	0.0	0.0	0.0	0.0	0.0	0.0	0.0029639762881896944	0.001266624445851805	0.006903043614684657	0.0017783046828689982	0.0	0.0	0.018341892883345562	0.0	0.0	0.0	0.0031185031185031187	0.0	0.0	0.004316546762589928	0.00824847250509165	0.0	0.0	0.0	0.0	0.0014204545454545455	0.0	0.0	0.0	0.0006688963210702341	0.0014382281029771322
k__Bacteria;p__Proteobacteria;c__Gammaproteobacteria;o__Pasteurellales;f__Pasteurellaceae;g__Aggregatibacter	0.0	0.0	0.0	0.0	0.0	0.0	0.0	0.0	0.0	0.0	0.0	0.0	0.0	0.0	0.007585335018963337	0.015407190022010272	0.0	0.0	0.0	0.0	0.0	0.0	0.003357314148681055	0.007637474541751527	0.0017446633825944171	0.0	0.007222222222222222	0.0	0.0	0.0	0.0	0.0	0.0	0.0
k__Bacteria;p__Firmicutes;c__Bacilli;o__Lactobacillales;f__Carnobacteriaceae;g__Granulicatella	0.0	0.0	0.0	0.0	0.0	0.0	0.0	0.0	0.0	0.0	0.0	0.0	0.0	0.0	0.0037926675094816687	0.0	0.0	0.0	0.0	0.017671517671517672	0.0	0.0	0.004316546762589928	0.003564154786150713	0.0008210180623973727	0.0	0.0	0.0	0.0	0.0	0.0	0.0	0.0	0.0
k__Bacteria;p__Firmicutes;c__Clostridia;o__Clostridiales;f__Lachnospiraceae;g__Ruminococcus	0.0019280205655526992	0.0	0.0024533856722276743	0.0036005009392611146	0.0	0.0019535738910595266	0.002923604931994407	0.0007109341674960899	0.0	0.0	0.0	0.0	0.0	0.0	0.0	0.0	0.0	0.0	0.0	0.0	0.0	0.0	0.0	0.0	0.0	0.0	0.0	0.0	0.0	0.0	0.0	0.0	0.0	0.0
k__Bacteria;p__Firmicutes;c__Clostridia;o__Clostridiales;f__Clostridiaceae;g__Clostridium	0.004755784061696658	0.0	0.0023307163886162907	0.000939261114589856	0.0021164021164021165	0.001034245001149161	0.002160925384517605	0.0	0.0	0.0027359781121751026	0.006966434452184927	0.005961719485409476	0.0	0.0014094432699083862	0.0	0.0	0.0	0.0	0.0027198549410698096	0.006237006237006237	0.005159958720330237	0.0	0.0026378896882494006	0.0	0.0028735632183908046	0.0	0.0	0.0	0.0	0.0	0.0	0.0	0.0	0.0
k__Bacteria;p__Proteobacteria;c__Gammaproteobacteria;o__Xanthomonadales;f__Xanthomonadaceae;g__Xanthomonas	0.0	0.0	0.0	0.0	0.0	0.0	0.0	0.0	0.0	0.0	0.0	0.021022905553812362	0.0	0.0	0.0	0.0	0.0	0.0	0.0	0.0	0.02786377708978328	0.0	0.0	0.0	0.0	0.0	0.0	0.0	0.0	0.0	0.0	0.0	0.0	0.0
k__Bacteria;p__Proteobacteria;c__Alphaproteobacteria;o__Sphingomonadales;f__Erythrobacteraceae;g__Erythromicrobium	0.0	0.0	0.0	0.0	0.0	0.0	0.0	0.0	0.0	0.0	0.0	0.0	0.0	0.0	0.0	0.0	0.0	0.0	0.0	0.0	0.0	0.0	0.0	0.009266802443991853	0.0	0.0	0.0	0.0	0.0	0.0	0.0	0.0	0.0	0.0
k__Bacteria;p__Bacteroidetes;c__Bacteroidia;o__Bacteroidales;f__Porphyromonadaceae;g__Paludibacter	0.0	0.0	0.0	0.0	0.0	0.0	0.0	0.0	0.001780264496439471	0.0025079799361605107	0.0	0.0	0.0	0.0	0.0	0.010760577158229395	0.0	0.0	0.0	0.0	0.0	0.0	0.0	0.0027494908350305497	0.0	0.0	0.0	0.0	0.0	0.0	0.0	0.0	0.0	0.0
k__Bacteria;p__Bacteroidetes;c__Flavobacteriia;o__Flavobacteriales;f__[Weeksellaceae];g__Chryseobacterium	0.0	0.0	0.0	0.0	0.0	0.0	0.0	0.0	0.0	0.0	0.004116529449018366	0.017571383746470035	0.0	0.007047216349541931	0.0	0.0	0.0	0.0	0.0	0.0	0.02889576883384933	0.0	0.0	0.0	0.002770935960591133	0.0	0.0	0.0	0.0	0.0	0.0	0.0	0.0	0.0
k__Bacteria;p__Proteobacteria;c__Betaproteobacteria;o__Neisseriales;f__Neisseriaceae;g__Kingella	0.0	0.0	0.0	0.0	0.0	0.0	0.0	0.0	0.0	0.0	0.0018999366687777073	0.010982114841543772	0.0	0.0	0.0	0.0031792614331132307	0.0	0.0	0.0	0.0	0.013415892672858616	0.0	0.0	0.0013238289205702647	0.002976190476190476	0.0	0.0	0.0	0.0	0.0	0.0	0.0	0.0	0.0
k__Bacteria;p__Firmicutes;c__Bacilli;o__Bacillales;f__Bacillaceae;g__Bacillus	0.0	0.0	0.0	0.0	0.0	0.0	0.0	0.0	0.0	0.0	0.0	0.01349231251961092	0.0	0.0	0.0	0.0	0.0	0.0	0.0	0.0	0.0	0.0	0.004676258992805755	0.0	0.0	0.0	0.0	0.0	0.0	0.0	0.0	0.0	0.0	0.0
k__Bacteria;p__Firmicutes;c__Clostridia;o__Clostridiales;f__Veillonellaceae;g__Selenomonas	0.0	0.0	0.0	0.0	0.0	0.0	0.0	0.0	0.0	0.0	0.0	0.0	0.0	0.0	0.0	0.022743947175348497	0.0	0.0	0.0	0.0	0.0	0.0	0.0	0.006517311608961304	0.0	0.0	0.0	0.0	0.0	0.0	0.0	0.001312910284463895	0.0	0.0
k__Bacteria;p__Firmicutes;c__Bacilli;o__Lactobacillales;f__Aerococcaceae;g__Abiotrophia	0.0	0.0	0.0	0.0	0.0	0.0	0.0	0.0	0.0	0.0	0.0	0.0	0.0	0.0	0.0	0.004891171435558816	0.0	0.0	0.0	0.0	0.0	0.0	0.0007194244604316547	0.005397148676171079	0.0	0.0	0.0	0.0	0.0	0.0	0.0	0.0	0.0	0.0
k__Bacteria;p__Firmicutes;c__Clostridia;o__Clostridiales;f__Lachnospiraceae;g__Dorea	0.004241645244215938	0.0012564567918469914	0.002208047105004907	0.002035065748278021	0.0	0.002528154447253505	0.003050718189907207	0.0025593630029859234	0.0	0.0	0.004433185560481318	0.0	0.0	0.0	0.0	0.0	0.0	0.0	0.0	0.0	0.0	0.0	0.002278177458033573	0.0	0.0	0.0	0.0	0.0	0.0	0.0	0.0	0.0	0.0	0.0
k__Bacteria;p__Firmicutes;c__Clostridia;o__Clostridiales;__;__	0.005141388174807198	0.006142677649029736	0.0	0.002974326862867877	0.004232804232804233	0.0018386577798207308	0.003304944705732808	0.004976539172472629	0.0	0.0006839945280437756	0.0	0.0006275494195167869	0.0	0.0014094432699083862	0.0	0.0	0.0033444816053511705	0.0	0.0	0.0	0.0	0.0016012810248198558	0.00023980815347721823	0.0	0.00020525451559934318	0.0	0.0	0.0	0.0	0.0	0.0	0.0	0.0	0.0
k__Bacteria;p__Proteobacteria;c__Betaproteobacteria;o__Burkholderiales;f__Comamonadaceae;g__Methylibium	0.0	0.0	0.0	0.0031308703819661866	0.0	0.004022063893357849	0.0026693784161688065	0.0	0.0	0.0	0.0	0.0	0.0	0.0	0.0	0.0	0.0	0.0	0.0	0.0	0.0	0.0	0.0	0.0	0.0	0.0	0.0	0.0	0.0	0.0	0.0	0.0	0.0	0.0
k__Bacteria;p__Firmicutes;c__Clostridia;o__Clostridiales;f__Lachnospiraceae;g__[Ruminococcus]	0.0011568123393316196	0.007957559681697613	0.0	0.0	0.0027210884353741495	0.0	0.0013982458370408034	0.0027015498364851413	0.0	0.0	0.0	0.0	0.0	0.0	0.0	0.0	0.0	0.0	0.0	0.0	0.0	0.0	0.0	0.0	0.0	0.0	0.0	0.0	0.0	0.0	0.0	0.0	0.0	0.0
k__Bacteria;p__Fusobacteria;c__Fusobacteriia;o__Fusobacteriales;f__Leptotrichiaceae;__	0.0	0.0	0.0	0.0	0.0	0.0	0.0	0.0	0.0	0.0	0.0	0.004079071226859115	0.0	0.0	0.0	0.0	0.0	0.0	0.0	0.0	0.0	0.0	0.0	0.0	0.006362889983579639	0.0	0.0	0.0	0.0	0.0	0.0	0.0	0.0	0.0
k__Bacteria;p__Proteobacteria;c__Betaproteobacteria;o__Neisseriales;f__Neisseriaceae;g__Conchiformibius	0.0	0.0	0.0	0.0	0.0	0.0	0.0	0.0	0.0	0.0	0.006016466117796073	0.023219328522121118	0.0	0.0	0.0	0.0	0.0	0.0	0.0	0.0	0.0	0.0	0.0	0.0	0.0025656814449917897	0.0	0.0	0.0	0.0	0.0	0.0	0.0	0.0	0.0
k__Bacteria;p__Actinobacteria;c__Actinobacteria;o__Actinomycetales;f__Intrasporangiaceae;__	0.0	0.0	0.0	0.0	0.0	0.0	0.0	0.0	0.0	0.0	0.0	0.005334170065892689	0.0	0.0	0.0	0.0	0.0	0.0	0.0	0.0	0.0	0.0	0.004436450839328537	0.0	0.002052545155993432	0.0	0.0	0.0	0.0	0.0	0.0	0.0	0.0	0.0
k__Bacteria;p__Bacteroidetes;c__Bacteroidia;o__Bacteroidales;f__[Odoribacteraceae];g__Odoribacter	0.0	0.0	0.002576054955839058	0.004852849092047589	0.0031746031746031746	0.0	0.0	0.0	0.0	0.0	0.0	0.0	0.0	0.0	0.0	0.0	0.0	0.0	0.0	0.0	0.0	0.0	0.00047961630695443646	0.0	0.0	0.0	0.0	0.0	0.0	0.0	0.0	0.0	0.0	0.0
k__Bacteria;p__Firmicutes;c__Bacilli;o__Lactobacillales;f__Lactobacillaceae;__	0.0	0.0	0.0	0.0	0.0	0.0	0.0	0.0	0.0	0.008891928864569083	0.0031665611146295125	0.0025101976780671476	0.0	0.0	0.0	0.0	0.0	0.0	0.008159564823209429	0.0	0.0	0.0	0.00047961630695443646	0.0	0.0	0.0	0.0	0.0	0.0	0.0	0.0	0.0	0.0	0.0
k__Bacteria;p__Proteobacteria;c__Alphaproteobacteria;o__Rickettsiales;f__mitochondria;g__Raphanus	0.0	0.0	0.0	0.0	0.0	0.0	0.0	0.0	0.0	0.0	0.0	0.0	0.0	0.0	0.0	0.0	0.0	0.0	0.0	0.0	0.0	0.0	0.0	0.0	0.007183908045977011	0.0	0.0	0.0	0.0	0.0	0.0	0.0	0.0	0.0
k__Bacteria;p__Firmicutes;c__Clostridia;o__Clostridiales;f__Lachnospiraceae;g__Moryella	0.0	0.0	0.0	0.0	0.0	0.0	0.0	0.0	0.0	0.0	0.0	0.0	0.0007903576368306659	0.0	0.0	0.0017119100024455857	0.0	0.0	0.0	0.0	0.0	0.0	0.0	0.0	0.0	0.0	0.0038888888888888888	0.0030721966205837174	0.008049242424242424	0.0031733439111463705	0.0	0.0020423048869438365	0.0	0.0014382281029771322
k__Bacteria;p__Firmicutes;c__Erysipelotrichi;o__Erysipelotrichales;f__Erysipelotrichaceae;g__Bulleidia	0.0	0.0	0.0	0.0	0.0	0.0	0.0	0.0	0.0	0.0	0.0	0.0	0.00039517881841533294	0.0	0.0	0.00293470286133529	0.0	0.0	0.0	0.0	0.0	0.0	0.0	0.0005091649694501018	0.0	0.0	0.0	0.0010240655401945725	0.0	0.001190003966679889	0.0	0.0011670313639679066	0.0018394648829431438	0.003739393067740544
k__Bacteria;p__Proteobacteria;c__Alphaproteobacteria;o__Rickettsiales;f__mitochondria;g__Cucurbita	0.0	0.0	0.0	0.0	0.0	0.0	0.0	0.0	0.0	0.0	0.013299556681443952	0.0	0.0	0.007047216349541931	0.0	0.0	0.0	0.0	0.0	0.008316008316008316	0.0	0.0	0.0	0.0	0.0	0.0	0.0	0.0	0.0	0.0	0.0	0.0	0.0	0.0
k__Bacteria;p__Proteobacteria;c__Alphaproteobacteria;o__Rhizobiales;f__Methylobacteriaceae;g__Methylobacterium	0.0	0.0	0.0	0.0	0.0	0.0	0.0	0.0	0.002288911495422177	0.0	0.0018999366687777073	0.0031377470975839346	0.0	0.004933051444679351	0.0	0.0	0.0	0.0	0.0	0.0	0.0	0.0	0.001079136690647482	0.0	0.002360426929392447	0.0	0.0	0.0	0.0	0.0	0.0	0.0	0.0	0.0
k__Bacteria;p__Actinobacteria;c__Actinobacteria;o__Actinomycetales;f__Nocardiaceae;g__Rhodococcus	0.0	0.0	0.0	0.0	0.0	0.0	0.0	0.0	0.002288911495422177	0.0	0.0	0.004392845936617509	0.0	0.0	0.0	0.0	0.0	0.0	0.0	0.006237006237006237	0.0	0.0	0.0016786570743405275	0.0	0.002360426929392447	0.0	0.0	0.0	0.0	0.0	0.0	0.0	0.0	0.0
k__Bacteria;p__Proteobacteria;c__Alphaproteobacteria;o__Rhodobacterales;f__Rhodobacteraceae;g__Paracoccus	0.0	0.0	0.0	0.0	0.0	0.0	0.0	0.0	0.0043234994913530014	0.0027359781121751026	0.0	0.005647944775651083	0.0	0.009161381254404511	0.0	0.0	0.0	0.0	0.0	0.0	0.0	0.0	0.002158273381294964	0.0	0.006568144499178982	0.0	0.0	0.0	0.0	0.0	0.0	0.0	0.0	0.0
k__Bacteria;p__Actinobacteria;c__Actinobacteria;o__Actinomycetales;f__Nocardioidaceae;g__Aeromicrobium	0.0	0.0	0.0	0.0	0.0	0.0	0.0	0.0	0.0	0.0	0.0	0.0	0.0	0.0	0.0037926675094816687	0.0	0.0	0.0	0.0	0.0	0.0	0.0	0.0	0.0	0.004618226600985222	0.0	0.0	0.0	0.0	0.0	0.0	0.0	0.0	0.0
k__Bacteria;p__Firmicutes;c__Clostridia;o__Clostridiales;f__Ruminococcaceae;g__Subdoligranulum	0.0	0.002652519893899204	0.0	0.0	0.0006046863189720333	0.000689496667432774	0.0011440193212152027	0.00213280250248827	0.0	0.0	0.0	0.0	0.0	0.0	0.0	0.0	0.005574136008918618	0.0	0.0	0.0	0.0	0.0	0.0	0.0	0.0	0.0	0.0	0.0	0.0	0.0	0.0	0.0	0.0	0.0
k__Bacteria;p__Firmicutes;c__Clostridia;o__Clostridiales;f__Lachnospiraceae;g__Shuttleworthia	0.0	0.0	0.0030667320902845927	0.0	0.0	0.002183406113537118	0.0007626795474768018	0.0	0.0	0.0	0.0	0.0	0.0	0.0	0.0	0.0007336757153338225	0.0	0.0	0.0	0.0	0.0	0.0	0.0	0.0	0.0	0.0	0.0	0.0	0.0	0.0	0.0	0.0	0.0	0.0
k__Bacteria;p__Actinobacteria;c__Actinobacteria;o__Actinomycetales;f__Micrococcaceae;g__Micrococcus	0.0	0.0	0.0	0.0	0.0	0.0	0.0	0.0	0.0	0.0066119471044231645	0.0	0.0031377470975839346	0.0	0.0	0.0	0.0	0.0	0.0	0.0	0.0	0.0	0.0	0.0	0.0	0.0011288998357963874	0.0	0.0	0.0	0.0	0.0	0.0	0.0	0.0	0.0
k__Bacteria;p__Bacteroidetes;c__Bacteroidia;o__Bacteroidales;f__Porphyromonadaceae;g__Tannerella	0.0	0.0	0.0	0.0	0.0	0.0	0.0	0.0	0.001017293997965412	0.0	0.0	0.0	0.0	0.0	0.0	0.006113964294448521	0.0	0.0	0.0	0.0	0.0	0.0	0.0	0.0025458248472505093	0.0	0.0	0.0	0.0	0.0	0.0	0.0	0.0010211524434719183	0.00033444816053511704	0.0
k__Bacteria;p__Actinobacteria;c__Actinobacteria;o__Actinomycetales;f__Microbacteriaceae;__	0.0	0.0	0.0	0.0	0.0	0.0	0.0	0.0	0.0	0.0	0.0	0.0	0.0	0.0	0.0	0.0	0.0	0.0	0.0	0.0	0.022703818369453045	0.0	0.0	0.0	0.0051313628899835794	0.0	0.0	0.0	0.0	0.0	0.0	0.0	0.0	0.0
k__Bacteria;p__Proteobacteria;c__Alphaproteobacteria;o__Sphingomonadales;f__Sphingomonadaceae;g__Blastomonas	0.0	0.0	0.0	0.0	0.0	0.0	0.0	0.0	0.0	0.0	0.0	0.0	0.0	0.0	0.0	0.0	0.0	0.0	0.0	0.0	0.0	0.0	0.0	0.004989816700610998	0.0	0.0	0.0	0.0	0.0	0.0	0.0	0.0	0.0	0.0
k__Bacteria;p__Proteobacteria;c__Betaproteobacteria;o__Burkholderiales;f__Comamonadaceae;g__Acidovorax	0.0	0.0	0.0	0.0	0.0	0.0	0.0	0.0	0.006866734486266531	0.0	0.0	0.0	0.0	0.0	0.0	0.0	0.0	0.00816326530612245	0.0	0.011434511434511435	0.0	0.0	0.0	0.0	0.0	0.0	0.0	0.0	0.0	0.0	0.0	0.0	0.0	0.0
k__Bacteria;p__Proteobacteria;c__Alphaproteobacteria;o__Rhodobacterales;f__Rhodobacteraceae;g__Rubellimicrobium	0.0	0.0	0.0	0.0	0.0	0.0	0.0	0.0	0.0	0.0006839945280437756	0.001266624445851805	0.0	0.0	0.0021141649048625794	0.0	0.0	0.0	0.0	0.0	0.0	0.0	0.0	0.001079136690647482	0.0	0.0038998357963875205	0.0	0.0	0.0	0.0	0.0	0.0	0.0	0.0	0.0
k__Bacteria;p__Synergistetes;c__Synergistia;o__Synergistales;f__Dethiosulfovibrionaceae;g__TG5	0.0	0.0	0.0	0.0	0.0	0.0	0.0	0.0	0.0	0.0	0.0	0.0	0.0	0.0	0.0	0.009293225727561751	0.0	0.0	0.0	0.0	0.0	0.0	0.0	0.0027494908350305497	0.0	0.0	0.0	0.0	0.0	0.0	0.0	0.0	0.0	0.0
k__Bacteria;p__Firmicutes;c__Clostridia;o__Clostridiales;f__Veillonellaceae;g__Dialister	0.0010282776349614395	0.001535669412257434	0.0	0.0	0.0	0.0	0.0	0.0	0.0	0.0	0.0	0.0	0.0	0.0	0.0	0.008070432868672046	0.0	0.0	0.0	0.0	0.0	0.0	0.00023980815347721823	0.003156822810590631	0.002770935960591133	0.0	0.0	0.0	0.0	0.0	0.0	0.0	0.0	0.0
k__Bacteria;p__Bacteroidetes;c__Bacteroidia;o__Bacteroidales;f__[Odoribacteraceae];g__Butyricimonas	0.0	0.0	0.0015947006869479882	0.0026612398246712585	0.0022675736961451248	0.0	0.0	0.0	0.0	0.0	0.0	0.0	0.0	0.0	0.0	0.0	0.0	0.0	0.0	0.0	0.0	0.0	0.0	0.0	0.0	0.0	0.0	0.0	0.0	0.0	0.0	0.0	0.0	0.0
k__Bacteria;p__Firmicutes;c__Clostridia;o__Clostridiales;f__Veillonellaceae;__	0.0	0.0	0.0	0.0	0.0	0.0	0.0	0.0	0.0	0.0	0.0	0.0	0.0	0.0	0.0	0.007825874296894107	0.0	0.0	0.0	0.0	0.0	0.0	0.0	0.000814663951120163	0.0	0.0	0.0	0.0035842293906810036	0.0	0.0	0.0	0.0	0.0	0.003164101826549691
k__Bacteria;p__Firmicutes;c__Clostridia;o__Clostridiales;f__Lachnospiraceae;g__Lachnoanaerobaculum	0.0	0.0	0.0	0.0	0.0	0.0	0.0	0.0	0.0	0.0009119927040583675	0.0	0.0	0.0	0.0	0.0	0.00586940572267058	0.0	0.0	0.0	0.0	0.0	0.0	0.0	0.001120162932790224	0.0	0.0	0.0	0.002560163850486431	0.0	0.0	0.0	0.0	0.0	0.0
k__Bacteria;p__Actinobacteria;c__Actinobacteria;o__Actinomycetales;f__Micrococcaceae;g__Arthrobacter	0.0	0.0	0.0	0.0	0.0	0.0	0.0	0.0	0.0	0.0	0.0	0.0072168183244430495	0.0	0.0	0.0	0.0	0.0	0.0	0.0	0.0	0.0	0.0	0.0015587529976019184	0.0	0.00451559934318555	0.0	0.0	0.0	0.0	0.0	0.0	0.0	0.0	0.0
k__Bacteria;p__Firmicutes;c__Bacilli;o__Bacillales;f__Planococcaceae;__	0.0	0.0	0.0	0.0	0.0	0.0	0.0	0.0	0.0	0.0	0.0	0.0	0.0	0.0	0.0	0.0	0.0	0.0	0.0	0.0	0.0	0.0	0.0	0.0	0.00451559934318555	0.0	0.0	0.0	0.0	0.0	0.0	0.0	0.0	0.0
k__Bacteria;p__Firmicutes;c__Clostridia;o__Clostridiales;f__[Tissierellaceae];g__WAL_1855D	0.0007712082262210797	0.0	0.0	0.0	0.0	0.0	0.0	0.0	0.003051881993896236	0.00045599635202918376	0.0009499683343888537	0.0	0.0	0.0	0.0	0.0	0.0	0.0	0.0	0.002079002079002079	0.0	0.0	0.0007194244604316547	0.0005091649694501018	0.0007183908045977011	0.0	0.0	0.0	0.0	0.0	0.0	0.0	0.0	0.0
k__Bacteria;p__Firmicutes;c__Bacilli;o__Lactobacillales;f__Enterococcaceae;g__Enterococcus	0.0	0.0	0.0	0.0	0.0	0.0	0.0	0.0	0.0	0.0	0.0	0.00815814245371823	0.0	0.0	0.0	0.0	0.0	0.0	0.0	0.0	0.017543859649122806	0.0	0.0	0.0	0.0	0.0	0.0	0.0	0.0	0.0	0.0	0.0	0.0	0.0
k__Bacteria;p__Proteobacteria;c__Alphaproteobacteria;o__Rhizobiales;f__Rhizobiaceae;__	0.0	0.0	0.0	0.0	0.0	0.0	0.0	0.0	0.0	0.0	0.0	0.0	0.0	0.0	0.0	0.0	0.0	0.0	0.0	0.010395010395010396	0.0	0.0	0.0	0.0	0.0033866995073891628	0.0	0.0	0.0	0.0	0.0	0.0	0.0	0.0	0.0
k__Bacteria;p__Proteobacteria;c__Gammaproteobacteria;o__Cardiobacteriales;f__Cardiobacteriaceae;g__Cardiobacterium	0.0	0.0	0.0	0.0	0.0	0.0	0.0	0.0	0.0	0.0	0.0	0.0	0.0	0.0	0.0	0.00880410858400587	0.0	0.0	0.0	0.0	0.0	0.0	0.0009592326139088729	0.003360488798370672	0.0	0.0	0.0	0.0	0.0	0.0	0.0	0.0	0.0	0.0
k__Bacteria;p__Firmicutes;c__Clostridia;o__Clostridiales;f__;g__	0.0	0.002373307273488762	0.004661432777232581	0.0	0.0022675736961451248	0.0034474833371638705	0.0	0.0	0.003560528992878942	0.0031919744642042863	0.00253324889170361	0.0	0.0017783046828689982	0.0	0.0	0.003912937148447053	0.0	0.0	0.0	0.0	0.0	0.0	0.0	0.0004073319755600815	0.0007183908045977011	0.0	0.0	0.0	0.0014204545454545455	0.0	0.0011160714285714285	0.00087527352297593	0.002006688963210702	0.0017258737235725586
k__Bacteria;p__Proteobacteria;c__Alphaproteobacteria;o__Rhizobiales;f__Brucellaceae;g__Ochrobactrum	0.0	0.0	0.0	0.0	0.0	0.0	0.0	0.0	0.0	0.0	0.0	0.0	0.0	0.0	0.0	0.0	0.0	0.0	0.0	0.0	0.0	0.0	0.0	0.0	0.0040024630541871924	0.0	0.0	0.0	0.0	0.0	0.0	0.0	0.0	0.0
k__Bacteria;p__Firmicutes;c__Erysipelotrichi;o__Erysipelotrichales;f__Erysipelotrichaceae;g__Catenibacterium	0.0	0.0	0.0	0.0	0.0	0.0	0.0	0.0	0.0	0.0	0.0018999366687777073	0.0018826482585503608	0.0	0.0	0.0	0.0	0.0	0.0	0.0	0.002079002079002079	0.0	0.0	0.0015587529976019184	0.0	0.0011288998357963874	0.0	0.0	0.0	0.0	0.0	0.0	0.0	0.0	0.0
k__Bacteria;p__Firmicutes;c__Clostridia;o__Clostridiales;f__Peptostreptococcaceae;g__	0.0	0.0	0.0	0.0	0.0	0.0	0.0	0.0	0.0	0.0	0.0	0.0012550988390335738	0.0015807152736613318	0.0	0.0	0.00293470286133529	0.0	0.0	0.0	0.0	0.0	0.0	0.0	0.001120162932790224	0.0	0.0	0.0	0.0	0.0	0.0	0.0011160714285714285	0.00262582056892779	0.0016722408026755853	0.0
k__Bacteria;p__Bacteroidetes;c__Flavobacteriia;o__Flavobacteriales;f__Flavobacteriaceae;__	0.0	0.0	0.0	0.0	0.0	0.0	0.0	0.0	0.0	0.0	0.0	0.011609664261060559	0.0	0.0	0.0	0.0	0.0	0.0	0.0	0.0	0.009287925696594427	0.0	0.0	0.0	0.0	0.0	0.0	0.0	0.0	0.0	0.0	0.0	0.0	0.0
k__Bacteria;p__Proteobacteria;c__Alphaproteobacteria;o__Rhizobiales;f__Brucellaceae;__	0.0	0.0	0.0	0.0	0.0	0.0	0.0	0.0	0.0	0.0	0.0	0.012237213680577345	0.0	0.0	0.0	0.0	0.0	0.0	0.0	0.0	0.013415892672858616	0.0	0.0	0.0	0.0	0.0	0.0	0.0	0.0	0.0	0.0	0.0	0.0	0.0
k__Bacteria;p__Actinobacteria;c__Actinobacteria;o__Actinomycetales;f__Geodermatophilaceae;g__Blastococcus	0.0	0.0	0.0	0.0	0.0	0.0	0.0	0.0	0.0	0.0	0.0	0.005020395356134295	0.0	0.0028188865398167725	0.0	0.0	0.0	0.0	0.0	0.0	0.0	0.0	0.0	0.0	0.0014367816091954023	0.0	0.0	0.0	0.0	0.0	0.0	0.0	0.0	0.0
k__Bacteria;p__Actinobacteria;c__Actinobacteria;o__Actinomycetales;f__Microbacteriaceae;g__Salinibacterium	0.0	0.0	0.0	0.0	0.0	0.0	0.0	0.0	0.0	0.0	0.0	0.0	0.0	0.0	0.0	0.0	0.0	0.0	0.0	0.014553014553014554	0.0	0.0	0.0	0.0	0.002052545155993432	0.0	0.0	0.0	0.0	0.0	0.0	0.0	0.0	0.0
k__Bacteria;p__Firmicutes;c__Clostridia;o__Clostridiales;f__[Mogibacteriaceae];g__	0.0	0.0	0.0004906771344455348	0.0007827175954915466	0.00045351473922902497	0.0	0.0	0.0	0.000508646998982706	0.0	0.0	0.0012550988390335738	0.0015807152736613318	0.0	0.0	0.00880410858400587	0.0	0.0	0.0	0.0	0.0	0.0	0.0	0.002036659877800407	0.0003078817733990148	0.0	0.0	0.0035842293906810036	0.0	0.003966679888932963	0.0	0.0011670313639679066	0.0	0.0
k__Bacteria;p__Proteobacteria;c__Betaproteobacteria;__;__;__	0.0	0.0	0.0	0.0	0.0	0.0	0.0	0.0	0.0	0.0	0.0	0.0	0.0	0.0	0.0	0.004402054292002935	0.0	0.0	0.0	0.0	0.0	0.0	0.0	0.0015274949083503055	0.0	0.0	0.0	0.0	0.0	0.0	0.0	0.0	0.0	0.0
k__Bacteria;p__Bacteroidetes;c__Sphingobacteriia;o__Sphingobacteriales;f__Sphingobacteriaceae;g__Sphingobacterium	0.0	0.0	0.0	0.0	0.0	0.0	0.0	0.0	0.0	0.0	0.01013299556681444	0.0	0.0	0.0	0.0	0.0	0.0	0.0	0.0	0.0	0.0	0.0	0.0	0.0	0.0	0.0	0.0	0.0	0.0	0.0	0.0	0.0	0.0	0.0
k__Bacteria;p__Proteobacteria;c__Alphaproteobacteria;o__Sphingomonadales;f__Sphingomonadaceae;__	0.0	0.0	0.0	0.0	0.0	0.0	0.0	0.0	0.0	0.0	0.0031665611146295125	0.0	0.0	0.0	0.004635482511588706	0.0	0.0	0.0	0.0	0.0	0.0	0.0	0.0	0.0	0.002257799671592775	0.0	0.0	0.0	0.0	0.0	0.0	0.0	0.0	0.0
k__Bacteria;p__Proteobacteria;c__Betaproteobacteria;o__Burkholderiales;f__Comamonadaceae;g__Pelomonas	0.0	0.0	0.0	0.0	0.0	0.0	0.0	0.0	0.0	0.0	0.009499683343888538	0.0	0.0	0.0	0.0	0.0	0.0	0.0	0.0	0.0	0.0	0.0	0.0	0.0	0.0	0.0	0.0	0.0	0.0	0.0	0.0	0.0	0.0	0.0
k__Bacteria;p__Actinobacteria;c__Coriobacteriia;o__Coriobacteriales;f__Coriobacteriaceae;g__Atopobium	0.0	0.0	0.0	0.0	0.0	0.0	0.0	0.0	0.0	0.0	0.0	0.0	0.0	0.0	0.0	0.003668378576669112	0.0	0.0	0.0	0.0	0.0	0.0	0.0	0.0009164969450101833	0.0	0.0	0.0	0.002560163850486431	0.0	0.0	0.0	0.0007293946024799417	0.0011705685618729096	0.001869696533870272
k__Bacteria;p__Spirochaetes;c__Spirochaetes;o__Spirochaetales;f__Spirochaetaceae;g__Treponema	0.0	0.0	0.0	0.0	0.0	0.0	0.0	0.0	0.0	0.0	0.0	0.0	0.0	0.0	0.0	0.012961604304230863	0.0	0.0	0.0	0.0	0.0	0.0	0.0	0.0023421588594704683	0.0003078817733990148	0.0	0.0	0.0	0.0	0.0	0.0	0.0	0.0	0.0
k__Bacteria;p__Proteobacteria;c__Betaproteobacteria;o__Methylophilales;f__Methylophilaceae;g__Methylotenera	0.0	0.0	0.0	0.0	0.0	0.0	0.0	0.0	0.002034587995930824	0.0	0.0	0.0	0.0	0.0	0.0	0.0	0.0	0.0	0.0	0.0	0.0	0.0	0.0	0.002036659877800407	0.0	0.0	0.0	0.0	0.0	0.0	0.0	0.0	0.0	0.0
k__Bacteria;p__Proteobacteria;c__Gammaproteobacteria;o__Xanthomonadales;f__Xanthomonadaceae;__	0.0	0.0	0.0	0.0	0.0	0.0	0.0	0.0	0.0	0.0	0.0	0.008785691873235017	0.0	0.0	0.0	0.0	0.0	0.0	0.0	0.0	0.0	0.0	0.0	0.0	0.000513136288998358	0.0	0.0	0.0	0.0	0.0	0.0	0.0	0.0	0.0
k__Bacteria;p__Bacteroidetes;c__Flavobacteriia;o__Flavobacteriales;f__Flavobacteriaceae;g__	0.0	0.0	0.0	0.0	0.0	0.0	0.0	0.0	0.0	0.0	0.0	0.008785691873235017	0.0	0.0	0.0025284450063211127	0.0	0.0	0.0	0.0	0.0	0.0	0.0	0.00035971223021582735	0.0	0.0	0.0	0.0	0.0	0.0	0.0	0.0	0.0	0.0	0.0
k__Bacteria;p__Bacteroidetes;c__Bacteroidia;o__Bacteroidales;f__[Paraprevotellaceae];__	0.0	0.0	0.0	0.0	0.0	0.0	0.0	0.0	0.0	0.0	0.0	0.0	0.0	0.0	0.0	0.0046466128637808754	0.0	0.0	0.0	0.0	0.0	0.0	0.0	0.0005091649694501018	0.0	0.0	0.0	0.0	0.0	0.0	0.0	0.0	0.0	0.00043146843089313965
k__Bacteria;p__Proteobacteria;c__Betaproteobacteria;o__Burkholderiales;f__Alcaligenaceae;g__Oligella	0.0	0.0	0.0	0.0	0.0	0.0	0.0	0.0	0.001525940996948118	0.0011399908800729594	0.0009499683343888537	0.0	0.0	0.0	0.0	0.0	0.0	0.0	0.010879419764279238	0.0	0.0	0.0	0.0	0.0	0.0	0.0	0.0	0.0	0.0	0.0	0.0	0.0	0.0	0.0
k__Bacteria;p__Actinobacteria;c__Actinobacteria;o__Actinomycetales;f__Pseudonocardiaceae;g__Actinomycetospora	0.0	0.0	0.0	0.0	0.0	0.0	0.0	0.0	0.0	0.0	0.0	0.0	0.0	0.0	0.0	0.0	0.0	0.0	0.0	0.0	0.0	0.0	0.001199040767386091	0.0	0.0016420361247947454	0.0	0.0	0.0	0.0	0.0	0.0	0.0	0.0	0.0
k__Bacteria;p__Bacteroidetes;c__Bacteroidia;o__Bacteroidales;f__[Barnesiellaceae];g__	0.0	0.0	0.0007360157016683023	0.0017219787100814026	0.0018140589569160999	0.0	0.0	0.0	0.0	0.0	0.0	0.0	0.0	0.0	0.0	0.0	0.0	0.0	0.0	0.0	0.0	0.0	0.0	0.0	0.0	0.0	0.0	0.0	0.0	0.0	0.0	0.0	0.0	0.0
k__Bacteria;p__Bacteroidetes;c__[Saprospirae];o__[Saprospirales];f__Chitinophagaceae;g__Flavisolibacter	0.0	0.0	0.0	0.0	0.0	0.0	0.0	0.0	0.0	0.0	0.004433185560481318	0.007844367743959836	0.0	0.0	0.0	0.0	0.0	0.0	0.0	0.0	0.0	0.0	0.0015587529976019184	0.0	0.0024630541871921183	0.0	0.0	0.0	0.0	0.0	0.0	0.0	0.0	0.0
k__Bacteria;p__Firmicutes;c__Clostridia;o__Clostridiales;f__[Mogibacteriaceae];g__Mogibacterium	0.0	0.00027921262041044257	0.0	0.0	0.0	0.0	0.0	0.0	0.0	0.0	0.0	0.0	0.0	0.0	0.0	0.002445585717779408	0.0	0.0	0.0	0.0	0.0	0.0	0.0	0.0015274949083503055	0.0003078817733990148	0.0	0.0	0.0035842293906810036	0.001893939393939394	0.0	0.0	0.000437636761487965	0.0008361204013377926	0.0
k__Bacteria;p__Proteobacteria;c__Betaproteobacteria;o__Burkholderiales;f__Comamonadaceae;g__Variovorax	0.0	0.0	0.0	0.0	0.0	0.0	0.0	0.0	0.0	0.0	0.0	0.0	0.0	0.0	0.0	0.0	0.0	0.006530612244897959	0.0	0.0	0.0	0.0	0.0027577937649880097	0.0	0.0	0.0	0.0	0.0	0.0	0.0	0.0	0.0	0.0	0.0
k__Bacteria;p__Proteobacteria;c__Alphaproteobacteria;o__Rhizobiales;f__Rhizobiaceae;g__Rhizobium	0.0	0.0	0.0	0.0	0.0	0.0	0.0	0.0	0.0	0.0	0.006966434452184927	0.0	0.0	0.0	0.0	0.0	0.0	0.0	0.0	0.0	0.0	0.0	0.0	0.0	0.0	0.0	0.0	0.0	0.0	0.0	0.0	0.0	0.0	0.0
k__Bacteria;p__Proteobacteria;c__Betaproteobacteria;o__Burkholderiales;f__Comamonadaceae;g__Polaromonas	0.0	0.0	0.0	0.0	0.0	0.0	0.0	0.0	0.0	0.0	0.0	0.0	0.0	0.0	0.0	0.0	0.0	0.0	0.0	0.0	0.0	0.0	0.0	0.0	0.002257799671592775	0.0	0.0	0.0	0.0	0.0	0.0	0.0	0.0	0.0
k__Bacteria;p__Firmicutes;c__Bacilli;o__Lactobacillales;f__Leuconostocaceae;g__Weissella	0.0	0.0	0.0	0.0	0.0	0.0	0.0	0.0	0.001017293997965412	0.0	0.0006333122229259025	0.0	0.0	0.0	0.0	0.0	0.0	0.0	0.0	0.0	0.0	0.0	0.0007194244604316547	0.0	0.0009236453201970443	0.0	0.0	0.0	0.0	0.0	0.0	0.0	0.0	0.0
k__Bacteria;p__Bacteroidetes;c__Flavobacteriia;o__Flavobacteriales;f__[Weeksellaceae];g__Bergeyella	0.0	0.0	0.0	0.0	0.0	0.0	0.0	0.0	0.0	0.0	0.0	0.006589268904926263	0.0	0.0	0.0	0.0	0.0	0.0	0.0	0.0	0.0	0.0	0.0	0.0	0.0	0.0	0.0	0.0	0.0	0.0	0.0	0.0	0.0	0.0
k__Bacteria;p__Proteobacteria;c__Gammaproteobacteria;o__Aeromonadales;f__Aeromonadaceae;g__Oceanisphaera	0.0	0.0	0.0	0.0	0.0	0.0	0.0	0.0	0.0	0.0	0.0	0.004079071226859115	0.0	0.0	0.0	0.0	0.0	0.0	0.0	0.0	0.008255933952528379	0.0	0.0	0.0	0.0	0.0	0.0	0.0	0.0	0.0	0.0	0.0	0.0	0.0
k__Bacteria;p__[Thermi];c__Deinococci;o__Deinococcales;f__Deinococcaceae;g__Deinococcus	0.0	0.0	0.0	0.0	0.0	0.0	0.0	0.0	0.001271617497456765	0.0015959872321021432	0.0	0.0	0.0	0.0	0.0	0.0	0.0	0.0	0.005439709882139619	0.002079002079002079	0.0	0.0	0.0	0.0	0.0	0.0	0.0	0.0	0.0	0.0	0.0	0.0	0.0	0.0
k__Bacteria;p__Firmicutes;c__Clostridia;o__Clostridiales;f__Peptostreptococcaceae;g__Peptostreptococcus	0.0	0.0	0.0	0.0	0.0	0.0	0.0	0.0	0.0	0.0	0.0	0.0	0.0	0.0	0.0	0.0031792614331132307	0.0	0.0	0.0	0.0	0.0	0.0	0.0	0.0007128309572301426	0.0	0.0	0.0	0.0	0.0	0.0	0.0	0.0	0.0	0.0
k__Bacteria;p__Proteobacteria;c__Alphaproteobacteria;o__Sphingomonadales;f__Sphingomonadaceae;g__Novosphingobium	0.0	0.0	0.0	0.0	0.0	0.0	0.0	0.0	0.0	0.0	0.0	0.0	0.0	0.0	0.0	0.0	0.0	0.0	0.0	0.0	0.0	0.0	0.002398081534772182	0.0	0.0	0.0	0.0	0.0	0.0	0.0	0.0	0.0	0.0	0.0
k__Bacteria;p__Proteobacteria;c__Gammaproteobacteria;o__Vibrionales;f__Vibrionaceae;g__Vibrio	0.0	0.0	0.0	0.0	0.0	0.0	0.0	0.0	0.0	0.0	0.002216592780240659	0.0	0.0	0.0	0.0	0.0	0.0	0.0	0.0	0.012474012474012475	0.0	0.0	0.0	0.0	0.0	0.0	0.0	0.0	0.0	0.0	0.0	0.0	0.0	0.0
k__Bacteria;p__Actinobacteria;c__Thermoleophilia;o__Gaiellales;f__Gaiellaceae;g__Gaiella	0.0	0.0	0.0	0.0	0.0	0.0	0.0	0.0	0.0	0.0	0.0	0.0021964229683087543	0.0	0.0	0.0	0.0	0.0	0.0	0.0	0.0	0.0	0.0	0.0	0.0	0.0012315270935960591	0.0	0.0	0.0	0.0	0.0	0.0	0.0	0.0	0.0
k__Bacteria;p__Firmicutes;c__Clostridia;o__Clostridiales;f__Veillonellaceae;g__Schwartzia	0.0	0.0	0.0	0.0	0.0	0.0	0.0	0.0	0.0	0.0	0.0	0.0	0.0	0.0	0.0	0.006603081438004402	0.0	0.0	0.0	0.0	0.0	0.0	0.0	0.0007128309572301426	0.0	0.0	0.0	0.0	0.0	0.0	0.0	0.0	0.0	0.0
k__Bacteria;p__Firmicutes;c__Clostridia;o__Clostridiales;f__Veillonellaceae;g__Megasphaera	0.0	0.0	0.0	0.0	0.0	0.0	0.0	0.0	0.0	0.0	0.0	0.0	0.0	0.0	0.0	0.0034238200048911714	0.0	0.0	0.0	0.0	0.0	0.0	0.0	0.0005091649694501018	0.0	0.0	0.0	0.0	0.0	0.0	0.0	0.0	0.0	0.0
k__Bacteria;p__Proteobacteria;c__Alphaproteobacteria;o__Rhodospirillales;f__Acetobacteraceae;g__Roseomonas	0.0	0.0	0.0	0.0	0.0	0.0	0.0	0.0	0.0	0.0	0.0	0.0	0.0	0.0	0.0	0.0	0.0	0.0	0.0	0.0	0.0030959752321981426	0.0	0.0	0.0	0.0016420361247947454	0.0	0.0	0.0	0.0	0.0	0.0	0.0	0.0	0.0
k__Bacteria;p__Firmicutes;c__Erysipelotrichi;o__Erysipelotrichales;f__Erysipelotrichaceae;g__Holdemania	0.0	0.0	0.0	0.0006261740763932373	0.0006046863189720333	0.000689496667432774	0.0005084530316512013	0.0	0.0	0.0	0.0	0.0	0.0	0.0	0.0	0.0	0.0	0.0	0.0	0.0	0.0	0.0	0.0	0.0	0.0	0.0	0.0	0.0	0.0	0.0	0.0	0.0	0.0	0.0
k__Bacteria;p__Proteobacteria;c__Gammaproteobacteria;o__Pasteurellales;f__Pasteurellaceae;g__Pasteurella	0.0	0.0	0.0	0.0	0.0	0.0	0.0	0.0	0.0	0.0	0.0	0.005647944775651083	0.0	0.0	0.0	0.0	0.0	0.0	0.0	0.0	0.0	0.0	0.0	0.0	0.0	0.0	0.0	0.0	0.0	0.0	0.0	0.0	0.0	0.0
k__Bacteria;p__Actinobacteria;c__Actinobacteria;o__Actinomycetales;f__Nocardioidaceae;__	0.0	0.0	0.0	0.0	0.0	0.0	0.0	0.0	0.0	0.0	0.0	0.0	0.0	0.0	0.0	0.0	0.0	0.0	0.0	0.0	0.008255933952528379	0.0	0.0	0.0	0.0018472906403940886	0.0	0.0	0.0	0.0	0.0	0.0	0.0	0.0	0.0
k__Bacteria;p__Firmicutes;c__Erysipelotrichi;o__Erysipelotrichales;f__Erysipelotrichaceae;g__Allobaculum	0.0	0.0	0.0	0.0	0.0	0.0	0.0	0.0	0.0	0.0	0.00253324889170361	0.0	0.0	0.0	0.0	0.0	0.0	0.0	0.0	0.0	0.0	0.0	0.001079136690647482	0.0	0.0	0.0	0.0	0.0	0.0	0.0	0.0	0.0	0.0	0.0
k__Bacteria;p__Proteobacteria;c__Betaproteobacteria;o__Burkholderiales;f__Alcaligenaceae;g__Pusillimonas	0.0	0.0	0.0	0.0	0.0	0.0	0.0	0.0	0.0	0.0	0.0	0.005334170065892689	0.0	0.0	0.0	0.0	0.0	0.0	0.0	0.0	0.0	0.0	0.0	0.0	0.0	0.0	0.0	0.0	0.0	0.0	0.0	0.0	0.0	0.0
k__Bacteria;p__Bacteroidetes;c__Cytophagia;o__Cytophagales;f__Cytophagaceae;g__Adhaeribacter	0.0	0.0	0.0	0.0	0.0	0.0	0.0	0.0	0.0	0.0006839945280437756	0.0	0.0	0.0	0.0	0.0	0.0	0.0	0.0	0.0	0.0	0.0	0.0	0.0014388489208633094	0.0	0.0014367816091954023	0.0	0.0	0.0	0.0	0.0	0.0	0.0	0.0	0.0
k__Bacteria;p__Actinobacteria;c__Actinobacteria;o__Actinomycetales;f__Nocardioidaceae;g__Nocardioides	0.0	0.0	0.0	0.0	0.0	0.0	0.0	0.0	0.0	0.0	0.0	0.0	0.0	0.0	0.0	0.0	0.0	0.0	0.0	0.0	0.0	0.0	0.002038369304556355	0.0	0.0	0.0	0.0	0.0	0.0	0.0	0.0	0.0	0.0	0.0
k__Bacteria;p__Actinobacteria;c__Actinobacteria;o__Actinomycetales;f__Nocardioidaceae;g__Marmoricola	0.0	0.0	0.0	0.0	0.0	0.0	0.0	0.0	0.0	0.0	0.00506649778340722	0.0	0.0	0.0	0.0	0.0	0.0	0.0	0.0	0.0	0.0	0.0	0.0	0.0	0.0	0.0	0.0	0.0	0.0	0.0	0.0	0.0	0.0	0.0
k__Bacteria;p__Tenericutes;c__Mollicutes;o__Mycoplasmatales;f__Mycoplasmataceae;g__Mycoplasma	0.0	0.0	0.0	0.0	0.0	0.0	0.0	0.0	0.00254323499491353	0.0	0.0009499683343888537	0.0034515218073423283	0.0	0.0	0.0	0.0	0.0	0.0	0.0	0.0	0.0	0.0	0.0	0.0	0.0017446633825944171	0.0	0.0	0.0	0.0	0.0	0.0	0.0	0.0	0.0
k__Bacteria;p__Firmicutes;c__Bacilli;o__Bacillales;f__Alicyclobacillaceae;g__Alicyclobacillus	0.0	0.0	0.0	0.0	0.0	0.0	0.0	0.0	0.001271617497456765	0.0006839945280437756	0.0	0.0	0.0	0.0	0.0	0.0	0.0	0.0	0.0	0.0	0.0	0.0	0.00023980815347721823	0.0	0.000513136288998358	0.0	0.0	0.0	0.0	0.0	0.0	0.0	0.0	0.0
k__Bacteria;p__Bacteroidetes;c__Bacteroidia;o__Bacteroidales;f__[Paraprevotellaceae];g__	0.0	0.0	0.0	0.0	0.0	0.0	0.0	0.0	0.0	0.0	0.0	0.0012550988390335738	0.0	0.0	0.0	0.0	0.0	0.0	0.0	0.0	0.0030959752321981426	0.0	0.0	0.0	0.0008210180623973727	0.0	0.0	0.0	0.0	0.0	0.0	0.0	0.0	0.0
k__Bacteria;p__Proteobacteria;c__Gammaproteobacteria;o__Pseudomonadales;f__Pseudomonadaceae;__	0.0	0.0	0.0	0.0	0.0	0.0	0.0	0.0	0.0	0.0	0.0	0.007844367743959836	0.0	0.0	0.0	0.0	0.0	0.0	0.0	0.0	0.0	0.0	0.0	0.0	0.0	0.0	0.0	0.0	0.0	0.0	0.0	0.0	0.0	0.0
k__Bacteria;p__Proteobacteria;c__Betaproteobacteria;o__Neisseriales;f__Neisseriaceae;g__	0.0	0.0	0.0	0.0	0.0	0.0	0.0	0.0	0.0	0.0011399908800729594	0.0	0.0	0.0	0.0	0.0	0.0	0.0	0.0	0.0	0.0	0.0	0.0	0.001199040767386091	0.0005091649694501018	0.00041050903119868636	0.0	0.0	0.0	0.0	0.0	0.0	0.0	0.0	0.0
k__Bacteria;p__Actinobacteria;c__Actinobacteria;o__Actinomycetales;f__Actinomycetaceae;g__Varibaculum	0.0	0.0	0.0	0.0	0.0	0.0	0.0	0.0	0.0	0.0	0.0	0.0	0.0	0.0	0.0	0.0	0.0	0.0	0.0	0.0	0.0	0.0	0.0	0.0	0.001539408866995074	0.0	0.0	0.0	0.0	0.0	0.0	0.0	0.0	0.0
k__Bacteria;p__Actinobacteria;c__Actinobacteria;o__Actinomycetales;f__Mycobacteriaceae;g__Mycobacterium	0.0	0.0	0.0	0.0	0.0	0.0	0.0	0.0	0.0	0.0	0.0	0.0	0.0	0.0	0.0	0.0	0.0	0.0	0.0	0.0	0.0	0.0	0.0	0.0	0.001539408866995074	0.0	0.0	0.0	0.0	0.0	0.0	0.0	0.0	0.0
k__Bacteria;p__Firmicutes;c__Clostridia;o__Clostridiales;f__Veillonellaceae;g__	0.0	0.0	0.0	0.0	0.0	0.0008044127786715697	0.0008897928053896022	0.0	0.0	0.0	0.0	0.0	0.0	0.0	0.0	0.0	0.0	0.0	0.0	0.0	0.0	0.0	0.0	0.0	0.0	0.0	0.0	0.0	0.0	0.0	0.0	0.0	0.0	0.0
k__Bacteria;p__Firmicutes;c__Erysipelotrichi;o__Erysipelotrichales;f__Erysipelotrichaceae;g__[Eubacterium]	0.0	0.0	0.0	0.0	0.0	0.0	0.0	0.0	0.0	0.0	0.0015832805573147563	0.0	0.0	0.0	0.0	0.0	0.0	0.0	0.0	0.004158004158004158	0.0020639834881320948	0.0	0.00035971223021582735	0.0	0.0	0.0	0.0	0.0	0.0	0.0	0.0	0.0	0.0	0.0
k__Bacteria;p__Bacteroidetes;c__Bacteroidia;o__Bacteroidales;f__;g__	0.0	0.0	0.0	0.0	0.0	0.0	0.0	0.0	0.0	0.0	0.0	0.0	0.0	0.0	0.0	0.001467351430667645	0.0	0.0	0.0	0.0	0.0	0.0	0.0	0.000814663951120163	0.0	0.0	0.0	0.0	0.0	0.0	0.0	0.0	0.0	0.0
k__Bacteria;p__Proteobacteria;c__Alphaproteobacteria;o__Sphingomonadales;f__Erythrobacteraceae;__	0.0	0.0	0.0	0.0	0.0	0.0	0.0	0.0	0.0	0.0	0.0	0.0	0.0	0.0	0.0	0.0	0.0	0.0	0.0	0.0	0.0	0.0	0.0	0.0	0.0018472906403940886	0.0	0.0	0.0	0.0	0.0	0.0	0.0	0.0	0.0
k__Bacteria;p__Fusobacteria;c__Fusobacteriia;o__Fusobacteriales;f__Fusobacteriaceae;__	0.0	0.0	0.0	0.0	0.0	0.0	0.0	0.0	0.0	0.0	0.0	0.006275494195167869	0.0	0.0	0.0	0.0	0.0	0.0	0.0	0.0	0.0	0.0	0.0	0.0	0.0014367816091954023	0.0	0.0	0.0	0.0	0.0	0.0	0.0	0.0	0.0
k__Bacteria;p__Proteobacteria;c__Alphaproteobacteria;o__Rhizobiales;f__Bradyrhizobiaceae;g__Balneimonas	0.0	0.0	0.0	0.0	0.0	0.0	0.0	0.0	0.0	0.0	0.0	0.0	0.0	0.0	0.0	0.0	0.0	0.0	0.0	0.0	0.0	0.0	0.0	0.0	0.0014367816091954023	0.0	0.0	0.0	0.0	0.0	0.0	0.0	0.0	0.0
k__Bacteria;p__Bacteroidetes;c__Cytophagia;o__Cytophagales;f__Cytophagaceae;g__Hymenobacter	0.0	0.0	0.0	0.0	0.0	0.0	0.0	0.0	0.001780264496439471	0.0	0.0	0.0	0.0	0.0	0.0	0.0	0.0	0.0	0.0	0.0	0.0	0.0	0.0	0.0	0.002257799671592775	0.0	0.0	0.0	0.0	0.0	0.0	0.0	0.0	0.0
k__Bacteria;p__Actinobacteria;c__Actinobacteria;o__Actinomycetales;f__Actinomycetaceae;g__Arcanobacterium	0.0	0.0	0.0	0.0	0.0	0.0	0.0	0.0	0.0	0.0	0.0	0.0	0.0	0.0	0.0	0.0	0.0	0.0	0.0	0.0	0.0	0.0	0.0	0.0	0.0014367816091954023	0.0	0.0	0.0	0.0	0.0	0.0	0.0	0.0	0.0
k__Bacteria;p__Bacteroidetes;c__Flavobacteriia;o__Flavobacteriales;f__[Weeksellaceae];g__Cloacibacterium	0.0	0.0	0.0	0.0	0.0	0.0	0.0	0.0	0.001780264496439471	0.0	0.0	0.0	0.0	0.0	0.0	0.0	0.0	0.0	0.0	0.0	0.0	0.0	0.0007194244604316547	0.0	0.0	0.0	0.0	0.0	0.0	0.0	0.0	0.0	0.0	0.0
k__Bacteria;p__Proteobacteria;c__Alphaproteobacteria;o__Rhodospirillales;f__Rhodospirillaceae;g__Skermanella	0.0	0.0	0.0	0.0	0.0	0.0	0.0	0.0	0.000762970498474059	0.0	0.0	0.0	0.0	0.0	0.0	0.0	0.0	0.0	0.0	0.0	0.0	0.0	0.0	0.0	0.001026272577996716	0.0	0.0	0.0	0.0	0.0	0.0	0.0	0.0	0.0
k__Bacteria;p__Acidobacteria;c__[Chloracidobacteria];o__RB41;f__Ellin6075;g__	0.0	0.0	0.0	0.0	0.0	0.0	0.0	0.0	0.0	0.0	0.0	0.0	0.0	0.0	0.0	0.0	0.0	0.0	0.0	0.0	0.0	0.0	0.0007194244604316547	0.0	0.0013341543513957308	0.0	0.0	0.0	0.0	0.0	0.0	0.0	0.0	0.0
k__Bacteria;p__Bacteroidetes;c__[Saprospirae];o__[Saprospirales];f__Chitinophagaceae;g__Segetibacter	0.0	0.0	0.0	0.0	0.0	0.0	0.0	0.0	0.0	0.0	0.0	0.0	0.0	0.0	0.0	0.0	0.0	0.0	0.0	0.0	0.0	0.0	0.0	0.0	0.0013341543513957308	0.0	0.0	0.0	0.0	0.0	0.0	0.0	0.0	0.0
k__Bacteria;p__Proteobacteria;c__Alphaproteobacteria;o__Caulobacterales;f__Caulobacteraceae;g__Mycoplana	0.0	0.0	0.0	0.0	0.0	0.0	0.0	0.0	0.0	0.0	0.0	0.0	0.0	0.0	0.0	0.0	0.0	0.0	0.0	0.0	0.0	0.0	0.0	0.0	0.0013341543513957308	0.0	0.0	0.0	0.0	0.0	0.0	0.0	0.0	0.0
k__Bacteria;p__Firmicutes;c__Clostridia;o__Clostridiales;f__Lachnospiraceae;g__Anaerostipes	0.0	0.0	0.0	0.0	0.0	0.0	0.0008897928053896022	0.0017062420019906157	0.0	0.0	0.0	0.0	0.0	0.0	0.0	0.0	0.0	0.0	0.0	0.0	0.0	0.0	0.0	0.0	0.0	0.0	0.0	0.0	0.0	0.0	0.0	0.0	0.0	0.0
k__Bacteria;p__Proteobacteria;c__Gammaproteobacteria;o__Pseudomonadales;f__Moraxellaceae;g__Perlucidibaca	0.0	0.0	0.0	0.0	0.0	0.0	0.0	0.0	0.0	0.0	0.0	0.0018826482585503608	0.0	0.0	0.0	0.0	0.0	0.0	0.0	0.0	0.006191950464396285	0.0	0.0	0.0	0.0	0.0	0.0	0.0	0.0	0.0	0.0	0.0	0.0	0.0
k__Bacteria;p__Proteobacteria;c__Betaproteobacteria;o__Burkholderiales;f__Comamonadaceae;g__Hydrogenophaga	0.0	0.0	0.0	0.0	0.0	0.0	0.0	0.0	0.0	0.0	0.0	0.0	0.0023710729104919974	0.0	0.0	0.0	0.0	0.0	0.0	0.0	0.0	0.0	0.0	0.0	0.0	0.0	0.0	0.0	0.0	0.0	0.0	0.0	0.0	0.0
k__Bacteria;p__Proteobacteria;c__Betaproteobacteria;o__Burkholderiales;f__Comamonadaceae;g__Tepidimonas	0.0	0.0	0.0	0.0	0.0	0.0	0.0	0.0	0.0	0.0	0.0	0.0	0.0	0.0	0.0	0.0	0.0	0.0	0.0	0.0	0.0	0.0	0.0014388489208633094	0.0	0.0	0.0	0.0	0.0	0.0	0.0	0.0	0.0	0.0	0.0
k__Bacteria;p__Actinobacteria;c__Thermoleophilia;o__Solirubrobacterales;f__;g__	0.0	0.0	0.0	0.0	0.0	0.0	0.0	0.0	0.0	0.0	0.0	0.0	0.0	0.0	0.0	0.0	0.0	0.0	0.0	0.0	0.0	0.0	0.0	0.0	0.0017446633825944171	0.0	0.0	0.0	0.0	0.0	0.0	0.0	0.0	0.0
k__Bacteria;p__Actinobacteria;c__Actinobacteria;o__Actinomycetales;f__Nakamurellaceae;g__	0.0	0.0	0.0	0.0	0.0	0.0	0.0	0.0	0.0	0.0	0.0	0.0	0.0	0.0	0.0	0.0	0.0	0.0	0.0	0.0	0.0	0.0	0.0	0.0	0.0012315270935960591	0.0	0.0	0.0	0.0	0.0	0.0	0.0	0.0	0.0
k__Bacteria;p__Bacteroidetes;c__[Saprospirae];o__[Saprospirales];f__Chitinophagaceae;__	0.0	0.0	0.0	0.0	0.0	0.0	0.0	0.0	0.002797558494404883	0.0	0.0	0.0	0.0	0.0	0.0	0.0	0.0	0.0	0.0	0.0	0.0	0.0	0.0	0.0	0.0	0.0	0.0	0.0	0.0	0.0	0.0	0.0	0.0	0.0
k__Bacteria;p__Proteobacteria;c__Gammaproteobacteria;o__Pseudomonadales;f__Moraxellaceae;__	0.0	0.0	0.0	0.0	0.0	0.0	0.0	0.0	0.0	0.0	0.0	0.0012550988390335738	0.0	0.0	0.0	0.0	0.0	0.0	0.0	0.0	0.0	0.0	0.0	0.0	0.0007183908045977011	0.0	0.0	0.0	0.0	0.0	0.0	0.0	0.0	0.0
k__Bacteria;p__Proteobacteria;c__Alphaproteobacteria;o__Caulobacterales;f__Caulobacteraceae;g__Caulobacter	0.0	0.0	0.0	0.0	0.0	0.0	0.0	0.0	0.0	0.0	0.0	0.0	0.0	0.0028188865398167725	0.0	0.0	0.0	0.0	0.0	0.0	0.007223942208462332	0.0	0.0	0.0	0.0	0.0	0.0	0.0	0.0	0.0	0.0	0.0	0.0	0.0
k__Bacteria;p__Firmicutes;c__Bacilli;o__Lactobacillales;f__Aerococcaceae;g__Facklamia	0.0	0.0	0.0	0.0	0.0	0.0	0.0	0.0	0.001780264496439471	0.0	0.0	0.0	0.0	0.0	0.0	0.0	0.0	0.0	0.0	0.0	0.0	0.0	0.0	0.001120162932790224	0.0	0.0	0.0	0.0	0.0	0.0	0.0	0.0	0.0	0.0
k__Bacteria;p__Proteobacteria;c__Alphaproteobacteria;o__Rhizobiales;f__Hyphomicrobiaceae;g__Devosia	0.0	0.0	0.0	0.0	0.0	0.0	0.0	0.0	0.0	0.002279981760145919	0.0	0.0	0.0	0.0	0.0	0.0	0.0	0.0	0.0	0.0	0.0	0.0	0.0	0.0	0.0	0.0	0.0	0.0	0.0	0.0	0.0	0.0	0.0	0.0
k__Bacteria;p__SR1;c__;o__;f__;g__	0.0	0.0	0.0	0.0	0.0	0.0	0.0	0.0	0.0	0.0	0.0015832805573147563	0.0015688735487919673	0.0	0.0	0.0	0.0	0.0	0.0	0.0	0.0	0.0	0.0	0.0005995203836930455	0.0	0.0	0.0	0.0	0.0	0.0	0.0	0.0	0.0	0.0	0.0
k__Bacteria;p__Proteobacteria;c__Betaproteobacteria;o__Neisseriales;f__Neisseriaceae;g__Vogesella	0.0	0.0	0.0	0.0	0.0	0.0	0.0	0.0	0.0	0.0	0.0	0.0	0.0019758940920766646	0.0	0.0	0.0	0.0	0.0	0.0	0.0	0.0	0.0	0.0	0.0	0.0	0.0	0.0	0.0	0.0	0.0	0.0	0.0	0.0	0.0
k__Bacteria;p__Firmicutes;c__Clostridia;o__Clostridiales;f__Peptococcaceae;g__Peptococcus	0.0	0.0	0.0	0.0	0.0	0.0	0.0	0.0	0.000508646998982706	0.0	0.0009499683343888537	0.0	0.0	0.0	0.0	0.0007336757153338225	0.0	0.0	0.0	0.0	0.0	0.0	0.0	0.0	0.000513136288998358	0.0	0.0	0.0	0.0	0.0	0.0	0.0010211524434719183	0.0	0.0
k__Bacteria;p__Proteobacteria;c__Alphaproteobacteria;o__Rhodospirillales;f__Acetobacteraceae;g__	0.0	0.0	0.0	0.0	0.0	0.0	0.0	0.0	0.0	0.00045599635202918376	0.0	0.0	0.0	0.0	0.0	0.0	0.0	0.0	0.0	0.0	0.0	0.0	0.001199040767386091	0.0	0.001026272577996716	0.0	0.0	0.0	0.0	0.0	0.0	0.0	0.0	0.0
k__Bacteria;p__Proteobacteria;c__Alphaproteobacteria;o__Rhizobiales;__;__	0.0	0.0	0.0	0.0	0.0	0.0	0.0	0.0	0.0	0.0	0.0	0.0	0.0	0.0	0.0	0.0	0.0	0.0	0.0	0.0	0.0	0.0	0.0	0.0010183299389002036	0.0	0.0	0.0	0.0	0.0	0.0	0.0	0.0	0.0	0.0
k__Bacteria;p__Actinobacteria;c__Actinobacteria;o__Actinomycetales;f__Williamsiaceae;g__Williamsia	0.0	0.0	0.0	0.0	0.0	0.0	0.0	0.0	0.0	0.0	0.0	0.0	0.0	0.0	0.0	0.0	0.0	0.0	0.0	0.0	0.0	0.0	0.0	0.0	0.001026272577996716	0.0	0.0	0.0	0.0	0.0	0.0	0.0	0.0	0.0
k__Bacteria;p__Bacteroidetes;c__Bacteroidia;o__Bacteroidales;f__Rikenellaceae;g__	0.0	0.0	0.0006133464180569186	0.0	0.0006046863189720333	0.0	0.0	0.0	0.0	0.0	0.0	0.0	0.0	0.0	0.0	0.0	0.0	0.0	0.0	0.0	0.0	0.0	0.0	0.0	0.0	0.0	0.0	0.0	0.0	0.0	0.0	0.0	0.0	0.0
k__Bacteria;p__Proteobacteria;c__Gammaproteobacteria;o__Cardiobacteriales;f__Cardiobacteriaceae;g__	0.0	0.0	0.0	0.0	0.0	0.0	0.0	0.0	0.0	0.0	0.0	0.0015688735487919673	0.0	0.0	0.0	0.0	0.0	0.0	0.0	0.0	0.0	0.0	0.0	0.0	0.00041050903119868636	0.0	0.0	0.0	0.0	0.0	0.0	0.0	0.0	0.0
k__Bacteria;p__Proteobacteria;c__Alphaproteobacteria;o__Rhizobiales;f__Bradyrhizobiaceae;g__Bradyrhizobium	0.0	0.0	0.0	0.0	0.0	0.0	0.0	0.0	0.0	0.0	0.0	0.0	0.0	0.0	0.0	0.0	0.0	0.0	0.0	0.0	0.0	0.0	0.0	0.0	0.0009236453201970443	0.0	0.0	0.0	0.0	0.0	0.0	0.0	0.0	0.0
k__Bacteria;p__Actinobacteria;c__Actinobacteria;o__Actinomycetales;f__Microbacteriaceae;g__Frigoribacterium	0.0	0.0	0.0	0.0	0.0	0.0	0.0	0.0	0.0	0.0	0.0	0.0	0.0	0.0	0.0	0.0	0.0	0.0	0.0	0.0	0.0	0.0	0.0	0.0	0.0009236453201970443	0.0	0.0	0.0	0.0	0.0	0.0	0.0	0.0	0.0
k__Bacteria;p__Firmicutes;c__Clostridia;o__Clostridiales;f__Lachnospiraceae;g__Butyrivibrio	0.0	0.0	0.0	0.0	0.0	0.0	0.0	0.0	0.0	0.0	0.0	0.0	0.0	0.0	0.0	0.0	0.0	0.0	0.0	0.0	0.0	0.0	0.0	0.0	0.0	0.0	0.0	0.0	0.0	0.0	0.0	0.001312910284463895	0.0	0.0
k__Bacteria;p__GN02;c__BD1-5;o__;f__;g__	0.0	0.0	0.0	0.0	0.0	0.0	0.0	0.0	0.0	0.0006839945280437756	0.0	0.0006275494195167869	0.0	0.0	0.0	0.0007336757153338225	0.0	0.0	0.0	0.0	0.0	0.0	0.0	0.00020366598778004074	0.0	0.0	0.0	0.0	0.0	0.0	0.0	0.0	0.0	0.0
k__Bacteria;p__Actinobacteria;c__Actinobacteria;o__Bifidobacteriales;f__Bifidobacteriaceae;g__Scardovia	0.0	0.0	0.0	0.0	0.0	0.0	0.0	0.0	0.0	0.0	0.0	0.0	0.0	0.0	0.0	0.001467351430667645	0.0	0.0	0.0	0.0	0.0	0.0	0.0	0.00020366598778004074	0.0	0.0	0.0	0.0	0.0	0.0	0.0	0.0	0.0	0.0
k__Bacteria;p__Proteobacteria;c__Betaproteobacteria;o__Burkholderiales;f__Alcaligenaceae;__	0.0	0.0	0.0	0.0	0.0	0.0	0.0	0.0	0.0	0.0	0.0	0.0	0.0	0.0	0.0	0.0	0.0	0.0	0.0	0.0	0.008255933952528379	0.0	0.0	0.0	0.000513136288998358	0.0	0.0	0.0	0.0	0.0	0.0	0.0	0.0	0.0
k__Bacteria;p__Firmicutes;c__Clostridia;o__Clostridiales;f__Lachnospiraceae;g__Johnsonella	0.0	0.0	0.0	0.0	0.0	0.0	0.0	0.0	0.0	0.0	0.0	0.0	0.0	0.0	0.0	0.0	0.0	0.0	0.0	0.0	0.0	0.0	0.0	0.000814663951120163	0.0	0.0	0.0	0.0	0.0	0.0	0.0	0.0	0.0	0.0
k__Archaea;p__Crenarchaeota;c__Thaumarchaeota;o__Nitrososphaerales;f__Nitrososphaeraceae;g__Candidatus Nitrososphaera	0.0	0.0	0.0	0.0	0.0	0.0	0.0	0.0	0.0	0.0	0.0	0.0	0.0	0.0	0.0	0.0	0.0	0.0	0.0	0.0	0.0	0.0	0.00047961630695443646	0.0	0.0008210180623973727	0.0	0.0	0.0	0.0	0.0	0.0	0.0	0.0	0.0
k__Bacteria;p__Bacteroidetes;c__Cytophagia;o__Cytophagales;f__Cytophagaceae;g__Pontibacter	0.0	0.0	0.0	0.0	0.0	0.0	0.0	0.0	0.0	0.0	0.0	0.0	0.0	0.0	0.0	0.0	0.0	0.0	0.0	0.0	0.0	0.0	0.0	0.0	0.0008210180623973727	0.0	0.0	0.0	0.0	0.0	0.0	0.0	0.0	0.0
k__Bacteria;p__Proteobacteria;c__Alphaproteobacteria;o__Rhodobacterales;f__Rhodobacteraceae;__	0.0	0.0	0.0	0.0	0.0	0.0	0.0	0.0	0.0	0.0	0.0	0.0	0.0	0.0	0.0	0.0	0.0	0.0	0.0	0.0	0.0	0.0	0.0	0.0	0.0008210180623973727	0.0	0.0	0.0	0.0	0.0	0.0	0.0	0.0	0.0
k__Bacteria;p__Bacteroidetes;c__Flavobacteriia;o__Flavobacteriales;f__[Weeksellaceae];g__Wautersiella	0.0	0.0	0.0	0.0	0.0	0.0	0.0	0.0	0.0	0.0	0.0	0.0	0.0	0.0	0.0	0.0	0.0	0.0	0.0	0.0	0.0	0.0	0.0	0.0	0.0008210180623973727	0.0	0.0	0.0	0.0	0.0	0.0	0.0	0.0	0.0
k__Bacteria;p__Actinobacteria;c__Actinobacteria;o__Actinomycetales;f__Kineosporiaceae;g__Kineococcus	0.0	0.0	0.0	0.0	0.0	0.0	0.0	0.0	0.0	0.0	0.0	0.0	0.0	0.0	0.0	0.0	0.0	0.0	0.0	0.0	0.0	0.0	0.0	0.0	0.0008210180623973727	0.0	0.0	0.0	0.0	0.0	0.0	0.0	0.0	0.0
k__Bacteria;p__Actinobacteria;c__Actinobacteria;o__Actinomycetales;f__;g__	0.0	0.0	0.0	0.0	0.0	0.0	0.0	0.0	0.001780264496439471	0.0	0.0	0.0	0.0	0.0	0.0	0.0	0.0	0.0	0.0	0.0	0.0	0.0	0.0	0.0	0.0	0.0	0.0	0.0	0.0	0.0	0.0	0.0	0.0	0.0
k__Bacteria;p__Bacteroidetes;c__Cytophagia;o__Cytophagales;f__Cytophagaceae;g__Dyadobacter	0.0	0.0	0.0	0.0	0.0	0.0	0.0	0.0	0.0	0.0011399908800729594	0.0	0.0	0.0	0.0	0.0	0.0	0.0	0.0	0.0	0.0	0.0	0.0	0.0008393285371702638	0.0	0.0	0.0	0.0	0.0	0.0	0.0	0.0	0.0	0.0	0.0
k__Bacteria;p__Proteobacteria;c__Gammaproteobacteria;o__Aeromonadales;f__Succinivibrionaceae;g__Anaerobiospirillum	0.0	0.0	0.0	0.0	0.0	0.0	0.0	0.0	0.0	0.0	0.0	0.0009413241292751804	0.0	0.0	0.0	0.0	0.0	0.0	0.0	0.0	0.0	0.0	0.0	0.0	0.0007183908045977011	0.0	0.0	0.0	0.0	0.0	0.0	0.0	0.0	0.0
k__Bacteria;p__Cyanobacteria;c__Chloroplast;o__Chlorophyta;f__;g__	0.0	0.0	0.0	0.0	0.0	0.0	0.0	0.0	0.000762970498474059	0.0	0.0	0.0	0.0	0.0	0.0	0.0	0.0	0.0	0.0	0.0	0.0	0.0	0.0	0.0	0.0007183908045977011	0.0	0.0	0.0	0.0	0.0	0.0	0.0	0.0	0.0
k__Bacteria;p__Firmicutes;c__Clostridia;o__Clostridiales;f__Clostridiaceae;g__	0.0	0.0	0.0	0.000939261114589856	0.0	0.0	0.0	0.0	0.0	0.0	0.0	0.0	0.0	0.0	0.0	0.0	0.0	0.0	0.0	0.0	0.0	0.0	0.0	0.0	0.0	0.0	0.0	0.0	0.0	0.0	0.0	0.0	0.0	0.0
k__Bacteria;p__Bacteroidetes;c__[Saprospirae];o__[Saprospirales];f__Chitinophagaceae;g__	0.0	0.0	0.0	0.0	0.0	0.0	0.0	0.0	0.0	0.0013679890560875513	0.0	0.0	0.0	0.0	0.0	0.0	0.0	0.0	0.0	0.0	0.0	0.0	0.0	0.0	0.0	0.0	0.0	0.0	0.0	0.0	0.0	0.0	0.0	0.0
k__Bacteria;p__Proteobacteria;c__Alphaproteobacteria;o__Sphingomonadales;f__Sphingomonadaceae;g__Sphingopyxis	0.0	0.0	0.0	0.0	0.0	0.0	0.0	0.0	0.0	0.0	0.0	0.0018826482585503608	0.0	0.0	0.0	0.0	0.0	0.0	0.0	0.0	0.0	0.0	0.0005995203836930455	0.0	0.0	0.0	0.0	0.0	0.0	0.0	0.0	0.0	0.0	0.0
k__Bacteria;p__Firmicutes;c__Clostridia;o__Clostridiales;f__[Acidaminobacteraceae];g__	0.0	0.0	0.0	0.0	0.0	0.0	0.0	0.0	0.0	0.0	0.0	0.0	0.0	0.0	0.0	0.001467351430667645	0.0	0.0	0.0	0.0	0.0	0.0	0.0	0.0	0.0	0.0	0.0	0.0	0.0	0.0	0.0	0.0	0.0	0.0
k__Bacteria;p__Actinobacteria;c__Actinobacteria;o__Actinomycetales;f__Dermabacteraceae;g__Dermabacter	0.0	0.0	0.0	0.0	0.0	0.0	0.0	0.0	0.0	0.0	0.0	0.0	0.0	0.0	0.0	0.0004891171435558817	0.0	0.0	0.0	0.0	0.0	0.0	0.00047961630695443646	0.0	0.0	0.0	0.0	0.0	0.0	0.0	0.0	0.0	0.0	0.0
k__Bacteria;p__Proteobacteria;c__Alphaproteobacteria;o__Sphingomonadales;f__Sphingomonadaceae;g__Kaistobacter	0.0	0.0	0.0	0.0	0.0	0.0	0.0	0.0	0.0	0.0	0.0	0.0	0.0	0.0	0.0	0.001467351430667645	0.0	0.0	0.0	0.0	0.0	0.0	0.0	0.0	0.0	0.0	0.0	0.0	0.0	0.0	0.0	0.0	0.0	0.0
k__Bacteria;p__Proteobacteria;c__Betaproteobacteria;o__Burkholderiales;f__Oxalobacteraceae;g__Oxalobacter	0.0	0.0	0.0006133464180569186	0.0	0.0	0.0	0.0	0.0	0.0	0.0	0.0	0.0	0.0	0.0	0.0	0.0	0.0	0.0	0.0	0.0	0.0	0.0	0.0	0.0	0.0	0.0	0.0	0.0	0.0	0.0	0.0	0.0	0.0	0.0
k__Bacteria;p__Actinobacteria;c__Coriobacteriia;o__Coriobacteriales;f__Coriobacteriaceae;g__	0.0	0.0	0.0002453385672227674	0.000469630557294928	0.0	0.0	0.0	0.0	0.0	0.0	0.0	0.0	0.0	0.0	0.0	0.0	0.0	0.0	0.0	0.0	0.0	0.0	0.0	0.0	0.0	0.0	0.0	0.0	0.0	0.0	0.0	0.0	0.0	0.0
k__Bacteria;p__Firmicutes;c__Clostridia;o__Clostridiales;f__[Tissierellaceae];g__Helcococcus	0.0	0.0	0.0	0.0	0.0	0.0	0.0	0.0	0.001271617497456765	0.0006839945280437756	0.0	0.0	0.0	0.0	0.0	0.0	0.0	0.0	0.0	0.0	0.0	0.0	0.0	0.0	0.0	0.0	0.0	0.0	0.0	0.0	0.0	0.0	0.0	0.0
k__Bacteria;p__Bacteroidetes;c__Bacteroidia;o__Bacteroidales;f__S24-7;g__	0.0	0.0	0.0	0.0	0.0	0.0	0.0	0.0	0.001271617497456765	0.0	0.0	0.0	0.0	0.0	0.0	0.0	0.0	0.0	0.0	0.0	0.0	0.0	0.0	0.0	0.00020525451559934318	0.0	0.0	0.0	0.0	0.0	0.0	0.0	0.0	0.0
k__Bacteria;p__Actinobacteria;c__Actinobacteria;o__Actinomycetales;f__Brevibacteriaceae;g__Brevibacterium	0.0	0.0	0.0	0.0	0.0	0.0	0.0	0.0	0.000762970498474059	0.0	0.0	0.0	0.0	0.0	0.0	0.0	0.0	0.0016326530612244899	0.0	0.0	0.0	0.0	0.0	0.0	0.0	0.0	0.0	0.0	0.0	0.0	0.0	0.0	0.0	0.0
k__Bacteria;p__Firmicutes;c__Bacilli;o__Bacillales;f__Bacillaceae;__	0.0	0.0	0.0	0.0	0.0	0.0	0.0	0.0	0.0	0.0	0.0	0.0015688735487919673	0.0	0.0	0.0	0.0	0.0	0.0	0.0	0.0	0.0	0.0	0.0	0.0	0.0	0.0	0.0	0.0	0.0	0.0	0.0	0.0	0.0	0.0
k__Bacteria;p__Bacteroidetes;c__Cytophagia;o__Cytophagales;f__Cytophagaceae;g__Leadbetterella	0.0	0.0	0.0	0.0	0.0	0.0	0.0	0.0	0.0	0.0	0.0	0.0	0.0	0.0	0.0	0.0	0.0	0.0	0.0	0.0	0.0	0.0	0.0005995203836930455	0.0	0.0	0.0	0.0	0.0	0.0	0.0	0.0	0.0	0.0	0.0
k__Bacteria;p__Planctomycetes;c__Phycisphaerae;o__WD2101;f__;g__	0.0	0.0	0.0	0.0	0.0	0.0	0.0	0.0	0.0	0.0	0.0	0.0	0.0	0.0	0.0	0.0	0.0	0.0	0.0	0.0	0.0	0.0	0.0005995203836930455	0.0	0.0	0.0	0.0	0.0	0.0	0.0	0.0	0.0	0.0	0.0
k__Bacteria;p__Proteobacteria;c__Betaproteobacteria;o__Rhodocyclales;f__Rhodocyclaceae;g__Petrobacter	0.0	0.0	0.0	0.0	0.0	0.0	0.0	0.0	0.0	0.0	0.0	0.0	0.0	0.0	0.0	0.0	0.0	0.0	0.0	0.0	0.0	0.0	0.0005995203836930455	0.0	0.0	0.0	0.0	0.0	0.0	0.0	0.0	0.0	0.0	0.0
k__Bacteria;p__Actinobacteria;c__Actinobacteria;o__Actinomycetales;f__Actinomycetaceae;g__	0.0	0.0	0.0	0.0	0.0	0.0	0.0	0.0	0.0	0.0	0.0	0.0	0.0	0.0	0.0	0.0	0.0	0.0	0.0	0.0	0.0	0.0	0.0	0.0005091649694501018	0.0	0.0	0.0	0.0	0.0	0.0	0.0	0.0	0.0	0.0
k__Bacteria;p__Firmicutes;c__Clostridia;o__Clostridiales;f__Peptostreptococcaceae;g__Proteocatella	0.0	0.0	0.0	0.0	0.0	0.0	0.0	0.0	0.0	0.0	0.0	0.0	0.0	0.0	0.0	0.0	0.0	0.0	0.0	0.0	0.0	0.0	0.0	0.0	0.000513136288998358	0.0	0.0	0.0	0.0	0.0	0.0	0.0	0.0	0.0
k__Bacteria;p__Proteobacteria;c__Gammaproteobacteria;o__Aeromonadales;f__Aeromonadaceae;g__Aeromonas	0.0	0.0	0.0	0.0	0.0	0.0	0.0	0.0	0.0	0.0	0.0	0.0	0.0	0.0	0.0	0.0	0.0	0.0	0.0	0.0	0.0	0.0	0.0	0.0	0.000513136288998358	0.0	0.0	0.0	0.0	0.0	0.0	0.0	0.0	0.0
k__Bacteria;p__Firmicutes;c__Bacilli;o__Bacillales;f__Paenibacillaceae;g__	0.0	0.0	0.0	0.0	0.0	0.0	0.0	0.0	0.0	0.0	0.0	0.0	0.0	0.0	0.0	0.0	0.0	0.0	0.0	0.0	0.0	0.0	0.0	0.0	0.000513136288998358	0.0	0.0	0.0	0.0	0.0	0.0	0.0	0.0	0.0
k__Bacteria;p__Firmicutes;c__Clostridia;o__Clostridiales;f__Lachnospiraceae;g__Catonella	0.0	0.0	0.0	0.0	0.0	0.0	0.0	0.0	0.0	0.0	0.0	0.0	0.0	0.0	0.0	0.0	0.0	0.0	0.0	0.0	0.0	0.0	0.0	0.0	0.0	0.0	0.0	0.0	0.0	0.0	0.0	0.0007293946024799417	0.0	0.0
k__Bacteria;p__Firmicutes;c__Clostridia;o__Clostridiales;f__Peptostreptococcaceae;g__Filifactor	0.0	0.0	0.0	0.0	0.0	0.0	0.0	0.0	0.0	0.0	0.001266624445851805	0.0	0.0	0.0	0.0	0.0	0.0	0.0	0.0	0.0	0.0	0.0	0.0	0.0	0.0	0.0	0.0	0.0	0.0	0.0	0.0	0.0	0.0	0.0
k__Bacteria;p__Proteobacteria;c__Deltaproteobacteria;o__Myxococcales;__;__	0.0	0.0	0.0	0.0	0.0	0.0	0.0	0.0	0.0	0.0	0.0	0.0012550988390335738	0.0	0.0	0.0	0.0	0.0	0.0	0.0	0.0	0.0	0.0	0.0	0.0	0.0	0.0	0.0	0.0	0.0	0.0	0.0	0.0	0.0	0.0
k__Bacteria;p__Proteobacteria;c__Epsilonproteobacteria;o__Campylobacterales;f__Campylobacteraceae;g__Arcobacter	0.0	0.0	0.0	0.0	0.0	0.0	0.0	0.0	0.0	0.0	0.0	0.0012550988390335738	0.0	0.0	0.0	0.0	0.0	0.0	0.0	0.0	0.0	0.0	0.0	0.0	0.0	0.0	0.0	0.0	0.0	0.0	0.0	0.0	0.0	0.0
k__Bacteria;p__Proteobacteria;c__Gammaproteobacteria;o__Alteromonadales;f__Alteromonadaceae;g__Cellvibrio	0.0	0.0	0.0	0.0	0.0	0.0	0.0	0.0	0.0	0.0	0.0	0.0012550988390335738	0.0	0.0	0.0	0.0	0.0	0.0	0.0	0.0	0.0	0.0	0.0	0.0	0.0	0.0	0.0	0.0	0.0	0.0	0.0	0.0	0.0	0.0
k__Bacteria;p__Proteobacteria;c__Betaproteobacteria;o__Burkholderiales;f__Alcaligenaceae;g__Alcaligenes	0.0	0.0	0.0	0.0	0.0	0.0	0.0	0.0	0.0	0.0	0.0	0.0012550988390335738	0.0	0.0	0.0	0.0	0.0	0.0	0.0	0.0	0.0	0.0	0.0	0.0	0.0	0.0	0.0	0.0	0.0	0.0	0.0	0.0	0.0	0.0
k__Bacteria;p__Firmicutes;c__Clostridia;o__Clostridiales;f__Clostridiaceae;g__Sarcina	0.0	0.0	0.0	0.0	0.0	0.0	0.0	0.0	0.0	0.0	0.0	0.0	0.0	0.0	0.0	0.0	0.0	0.0	0.0	0.0	0.0	0.0	0.00047961630695443646	0.0	0.0	0.0	0.0	0.0	0.0	0.0	0.0	0.0	0.0	0.0
k__Bacteria;p__Actinobacteria;c__Thermoleophilia;o__Gaiellales;f__Gaiellaceae;g__	0.0	0.0	0.0	0.0	0.0	0.0	0.0	0.0	0.0	0.0	0.0	0.0	0.0	0.0	0.0	0.0	0.0	0.0	0.0	0.0	0.0	0.0	0.0	0.0	0.00041050903119868636	0.0	0.0	0.0	0.0	0.0	0.0	0.0	0.0	0.0
k__Bacteria;p__Proteobacteria;c__Gammaproteobacteria;o__Xanthomonadales;f__Xanthomonadaceae;g__Pseudoxanthomonas	0.0	0.0	0.0	0.0	0.0	0.0	0.0	0.0	0.0	0.0	0.0	0.0	0.0	0.0	0.0	0.0	0.0	0.0	0.0	0.0	0.0	0.0	0.0	0.0	0.00041050903119868636	0.0	0.0	0.0	0.0	0.0	0.0	0.0	0.0	0.0
k__Bacteria;p__Actinobacteria;c__Acidimicrobiia;o__Acidimicrobiales;f__;g__	0.0	0.0	0.0	0.0	0.0	0.0	0.0	0.0	0.0	0.0	0.0	0.0	0.0	0.0	0.0	0.0	0.0	0.0	0.0	0.0	0.0	0.0	0.0	0.0	0.00041050903119868636	0.0	0.0	0.0	0.0	0.0	0.0	0.0	0.0	0.0
k__Bacteria;p__[Thermi];c__Deinococci;o__Deinococcales;f__Trueperaceae;g__Truepera	0.0	0.0	0.0	0.0	0.0	0.0	0.0	0.0	0.0	0.0	0.0	0.0	0.0	0.0	0.0	0.0	0.0	0.0	0.0	0.0	0.0	0.0	0.0	0.0	0.00041050903119868636	0.0	0.0	0.0	0.0	0.0	0.0	0.0	0.0	0.0
k__Bacteria;p__Chloroflexi;c__Anaerolineae;o__Caldilineales;f__Caldilineaceae;g__Caldilinea	0.0	0.0	0.0	0.0	0.0	0.0	0.0	0.0	0.0	0.0	0.0	0.0	0.0	0.0	0.0	0.0	0.0	0.0	0.0	0.0	0.0	0.0	0.0	0.0	0.00041050903119868636	0.0	0.0	0.0	0.0	0.0	0.0	0.0	0.0	0.0
k__Bacteria;p__Firmicutes;c__Clostridia;o__Clostridiales;f__Christensenellaceae;g__	0.0	0.0	0.0	0.000469630557294928	0.0	0.0	0.0	0.0	0.0	0.0	0.0	0.0	0.0	0.0	0.0	0.0	0.0	0.0	0.0	0.0	0.0	0.0	0.0	0.0	0.0003078817733990148	0.0	0.0	0.0	0.0	0.0	0.0	0.0	0.0	0.0
k__Bacteria;p__Firmicutes;c__Bacilli;o__Turicibacterales;f__Turicibacteraceae;g__Turicibacter	0.0	0.0	0.0	0.0	0.0	0.0	0.0003813397737384009	0.0	0.0	0.0	0.0	0.0	0.0	0.0	0.0	0.0	0.0	0.0	0.0	0.0	0.0	0.0	0.0	0.0	0.0	0.0	0.0	0.0	0.0	0.0	0.0	0.0	0.0	0.0
k__Bacteria;p__Verrucomicrobia;c__Verrucomicrobiae;o__Verrucomicrobiales;f__Verrucomicrobiaceae;g__Luteolibacter	0.0	0.0	0.0	0.0	0.0	0.0	0.0	0.0	0.000762970498474059	0.0	0.0	0.0	0.0	0.0	0.0	0.0	0.0	0.0	0.0	0.0	0.0	0.0	0.0	0.0	0.0	0.0	0.0	0.0	0.0	0.0	0.0	0.0	0.0	0.0
k__Bacteria;p__Proteobacteria;c__Alphaproteobacteria;o__Rhodospirillales;f__Rhodospirillaceae;__	0.0	0.0	0.0	0.0	0.0	0.0	0.0	0.0	0.0	0.0	0.0009499683343888537	0.0	0.0	0.0	0.0	0.0	0.0	0.0	0.0	0.0	0.0	0.0	0.0	0.0	0.0	0.0	0.0	0.0	0.0	0.0	0.0	0.0	0.0	0.0
k__Bacteria;p__Proteobacteria;__;__;__;__	0.0	0.0	0.0	0.0	0.0	0.0	0.0	0.0	0.0	0.0	0.0	0.0009413241292751804	0.0	0.0	0.0	0.0	0.0	0.0	0.0	0.0	0.0	0.0	0.0	0.0	0.0	0.0	0.0	0.0	0.0	0.0	0.0	0.0	0.0	0.0
k__Bacteria;p__Proteobacteria;c__Deltaproteobacteria;o__Desulfovibrionales;f__Desulfomicrobiaceae;g__Desulfomicrobium	0.0	0.0	0.0	0.0	0.0	0.0	0.0	0.0	0.0	0.0	0.0	0.0009413241292751804	0.0	0.0	0.0	0.0	0.0	0.0	0.0	0.0	0.0	0.0	0.0	0.0	0.0	0.0	0.0	0.0	0.0	0.0	0.0	0.0	0.0	0.0
k__Bacteria;p__Cyanobacteria;c__Chloroplast;o__Chlorophyta;f__Trebouxiophyceae;g__Chloroidium	0.0	0.0	0.0	0.0	0.0	0.0	0.0	0.0	0.0	0.0	0.0	0.0009413241292751804	0.0	0.0	0.0	0.0	0.0	0.0	0.0	0.0	0.0	0.0	0.0	0.0	0.0	0.0	0.0	0.0	0.0	0.0	0.0	0.0	0.0	0.0
k__Bacteria;p__Chloroflexi;c__Ellin6529;o__;f__;g__	0.0	0.0	0.0	0.0	0.0	0.0	0.0	0.0	0.0	0.0	0.0	0.0009413241292751804	0.0	0.0	0.0	0.0	0.0	0.0	0.0	0.0	0.0	0.0	0.0	0.0	0.0003078817733990148	0.0	0.0	0.0	0.0	0.0	0.0	0.0	0.0	0.0
k__Bacteria;p__Firmicutes;c__Clostridia;o__Clostridiales;f__[Tissierellaceae];g__Gallicola	0.0	0.0	0.0	0.0	0.0	0.0	0.0	0.0	0.0	0.0	0.0	0.0	0.0	0.0	0.0	0.0	0.0	0.0	0.0027198549410698096	0.0	0.0	0.0	0.0	0.0	0.0	0.0	0.0	0.0	0.0	0.0	0.0	0.0	0.0	0.0
k__Bacteria;p__Proteobacteria;c__Alphaproteobacteria;o__Rickettsiales;f__mitochondria;g__Acanthamoeba	0.0	0.0	0.0	0.0	0.0	0.0	0.0	0.0	0.0	0.0	0.0	0.0	0.0	0.0	0.0	0.0	0.0	0.0	0.0	0.0	0.0	0.0	0.00035971223021582735	0.0	0.0	0.0	0.0	0.0	0.0	0.0	0.0	0.0	0.0	0.0
k__Bacteria;p__Bacteroidetes;c__Bacteroidia;o__Bacteroidales;f__Rikenellaceae;g__AF12	0.0	0.0	0.0	0.0	0.0	0.0	0.0	0.0	0.0	0.0	0.0	0.0	0.0	0.0	0.0	0.0	0.0	0.0	0.0	0.0	0.0	0.0	0.00035971223021582735	0.0	0.0	0.0	0.0	0.0	0.0	0.0	0.0	0.0	0.0	0.0
k__Bacteria;p__Verrucomicrobia;c__[Spartobacteria];o__[Chthoniobacterales];f__[Chthoniobacteraceae];g__DA101	0.0	0.0	0.0	0.0	0.0	0.0	0.0	0.0	0.0	0.0	0.0	0.0	0.0	0.0	0.0	0.0	0.0	0.0	0.0	0.0	0.0	0.0	0.00035971223021582735	0.0	0.0	0.0	0.0	0.0	0.0	0.0	0.0	0.0	0.0	0.0
k__Bacteria;p__Proteobacteria;c__Epsilonproteobacteria;o__Campylobacterales;f__Helicobacteraceae;g__Helicobacter	0.0	0.0	0.0	0.0	0.0	0.0	0.0	0.0	0.0	0.0	0.0	0.0	0.0	0.0	0.0	0.0	0.0	0.0	0.0	0.0	0.0	0.0	0.00035971223021582735	0.0	0.0	0.0	0.0	0.0	0.0	0.0	0.0	0.0	0.0	0.0
k__Bacteria;p__Firmicutes;c__Clostridia;o__Clostridiales;f__Lachnospiraceae;g__Epulopiscium	0.0	0.0	0.0	0.0	0.0	0.0	0.0	0.0	0.0	0.0	0.0	0.0	0.0	0.0	0.0	0.0	0.0	0.0	0.0	0.0	0.0	0.0	0.00035971223021582735	0.0	0.0	0.0	0.0	0.0	0.0	0.0	0.0	0.0	0.0	0.0
k__Bacteria;p__Planctomycetes;c__Planctomycetia;o__Planctomycetales;f__Planctomycetaceae;g__Planctomyces	0.0	0.0	0.0	0.0	0.0	0.0	0.0	0.0	0.0	0.0	0.0	0.0	0.0	0.0	0.0	0.0	0.0	0.0	0.0	0.0	0.0	0.0	0.00023980815347721823	0.0	0.0003078817733990148	0.0	0.0	0.0	0.0	0.0	0.0	0.0	0.0	0.0
k__Bacteria;p__Bacteroidetes;c__[Rhodothermi];o__[Rhodothermales];f__Rhodothermaceae;g__Rubricoccus	0.0	0.0	0.0	0.0	0.0	0.0	0.0	0.0	0.0	0.0	0.0	0.0	0.0	0.0	0.0	0.0	0.0	0.0	0.0	0.0	0.0	0.0	0.0	0.0	0.0003078817733990148	0.0	0.0	0.0	0.0	0.0	0.0	0.0	0.0	0.0
Unassigned;__;__;__;__;__	0.0	0.0	0.0	0.0	0.0	0.0	0.0	0.0	0.0	0.0	0.0	0.0	0.0	0.0	0.0	0.0	0.0	0.0	0.0	0.0	0.0	0.0	0.0	0.0	0.0003078817733990148	0.0	0.0	0.0	0.0	0.0	0.0	0.0	0.0	0.0
k__Bacteria;p__Verrucomicrobia;c__[Spartobacteria];o__[Chthoniobacterales];f__[Chthoniobacteraceae];g__	0.0	0.0	0.0	0.0	0.0	0.0	0.0	0.0	0.0	0.0	0.0	0.0	0.0	0.0	0.0	0.0	0.0	0.0	0.0	0.0	0.0	0.0	0.0	0.0	0.0003078817733990148	0.0	0.0	0.0	0.0	0.0	0.0	0.0	0.0	0.0
k__Bacteria;p__Proteobacteria;c__Deltaproteobacteria;o__Myxococcales;f__;g__	0.0	0.0	0.0	0.0	0.0	0.0	0.0	0.0	0.0	0.0	0.0	0.0	0.0	0.0	0.0	0.0	0.0	0.0	0.0	0.0	0.0	0.0	0.0	0.0	0.0003078817733990148	0.0	0.0	0.0	0.0	0.0	0.0	0.0	0.0	0.0
k__Bacteria;p__Verrucomicrobia;c__[Pedosphaerae];o__[Pedosphaerales];f__;g__	0.0	0.0	0.0	0.0	0.0	0.0	0.0	0.0	0.0	0.0	0.0	0.0	0.0	0.0014094432699083862	0.0	0.0	0.0	0.0	0.0	0.0	0.0	0.0	0.0	0.0	0.0003078817733990148	0.0	0.0	0.0	0.0	0.0	0.0	0.0	0.0	0.0
k__Bacteria;p__FBP;c__;o__;f__;g__	0.0	0.0	0.0	0.0	0.0	0.0	0.0	0.0	0.0	0.00045599635202918376	0.0	0.0	0.0	0.0	0.0	0.0	0.0	0.0	0.0	0.0	0.0	0.0	0.0	0.0	0.0	0.0	0.0	0.0	0.0	0.0	0.0	0.0	0.0	0.0
k__Bacteria;p__Proteobacteria;c__Gammaproteobacteria;o__Legionellales;f__Legionellaceae;g__Tatlockia	0.0	0.0	0.0	0.0	0.0	0.0	0.0	0.0	0.0	0.0	0.0006333122229259025	0.0	0.0	0.0	0.0	0.0	0.0	0.0	0.0	0.0	0.0	0.0	0.0	0.0	0.0	0.0	0.0	0.0	0.0	0.0	0.0	0.0	0.0	0.0
k__Bacteria;p__Proteobacteria;c__Deltaproteobacteria;o__Desulfovibrionales;f__Desulfomicrobiaceae;g__	0.0	0.0	0.0	0.0	0.0	0.0	0.0	0.0	0.0	0.0	0.0006333122229259025	0.0	0.0	0.0	0.0	0.0	0.0	0.0	0.0	0.0	0.0	0.0	0.0	0.0	0.0	0.0	0.0	0.0	0.0	0.0	0.0	0.0	0.0	0.0
k__Bacteria;p__Firmicutes;c__Clostridia;o__Clostridiales;f__[Tissierellaceae];g__	0.0	0.0	0.0	0.0	0.0	0.0	0.0	0.0	0.0	0.0	0.0	0.0006275494195167869	0.0	0.0	0.0	0.0	0.0	0.0	0.0	0.0	0.0	0.0	0.0	0.0	0.0	0.0	0.0	0.0	0.0	0.0	0.0	0.0	0.0	0.0
k__Bacteria;p__Firmicutes;c__Clostridia;o__OPB54;f__;g__	0.0	0.0	0.0	0.0	0.0	0.0	0.0	0.0	0.0	0.0	0.0	0.0006275494195167869	0.0	0.0	0.0	0.0	0.0	0.0	0.0	0.0	0.0	0.0	0.0	0.0	0.0	0.0	0.0	0.0	0.0	0.0	0.0	0.0	0.0	0.0
k__Bacteria;p__Proteobacteria;c__Alphaproteobacteria;o__Rhodospirillales;f__;g__	0.0	0.0	0.0	0.0	0.0	0.0	0.0	0.0	0.0	0.0	0.0	0.0	0.0	0.0	0.0	0.0	0.0	0.0	0.0	0.0	0.0	0.0	0.0	0.0	0.00020525451559934318	0.0	0.0	0.0	0.0	0.0	0.0	0.0	0.0	0.0
k__Bacteria;p__Cyanobacteria;c__Nostocophycideae;o__Nostocales;f__Nostocaceae;__	0.0	0.0	0.0	0.0	0.0	0.0	0.0	0.0	0.0	0.0	0.0	0.0	0.0	0.0	0.0	0.0	0.0	0.0	0.0	0.0	0.0	0.0	0.0	0.0	0.00020525451559934318	0.0	0.0	0.0	0.0	0.0	0.0	0.0	0.0	0.0
k__Bacteria;p__Proteobacteria;c__Deltaproteobacteria;o__Bdellovibrionales;f__Bacteriovoracaceae;g__Peredibacter	0.0	0.0	0.0	0.0	0.0	0.0	0.0	0.0	0.0	0.0	0.0	0.0	0.0	0.0	0.0	0.0	0.0	0.0	0.0	0.0	0.0	0.0	0.0	0.0	0.00020525451559934318	0.0	0.0	0.0	0.0	0.0	0.0	0.0	0.0	0.0
k__Bacteria;p__Firmicutes;c__Clostridia;o__Clostridiales;f__[Acidaminobacteraceae];g__Fusibacter	0.0	0.0	0.0	0.0	0.0	0.0	0.0	0.0	0.0	0.0	0.0	0.0	0.0	0.0	0.0	0.0	0.0	0.0	0.0	0.0	0.0	0.0	0.0	0.0	0.00020525451559934318	0.0	0.0	0.0	0.0	0.0	0.0	0.0	0.0	0.0
k__Bacteria;p__Proteobacteria;c__TA18;o__PHOS-HD29;f__;g__	0.0	0.0	0.0	0.0	0.0	0.0	0.0	0.0	0.0	0.0	0.0	0.0	0.0	0.0	0.0	0.0	0.0	0.0	0.0	0.0	0.0	0.0	0.0	0.0	0.00020525451559934318	0.0	0.0	0.0	0.0	0.0	0.0	0.0	0.0	0.0
k__Bacteria;p__TM7;c__TM7-3;o__;f__;g__	0.0	0.0	0.0	0.0	0.0	0.0	0.0	0.0	0.0	0.0	0.0	0.0	0.0	0.0	0.0	0.0	0.0	0.0	0.0	0.0	0.0	0.0	0.0	0.0	0.0	0.0	0.0	0.0	0.0	0.0	0.0	0.0	0.0	0.00028764562059542645